,,ENO_total,FBA1_total,FBA2_total,GAPD_total,PGK_total,PGMd_total,PGMi_total,TPI_total,dpg,twopg,threepg,adp,atp,dhap,fdp,g3p,nad,nadh,pep,pi,two3pg
4752,0,1.151893190983935e-06,1.0000005551115122e-12,1.8212039012549008e-05,1.6913945707350222e-05,3.593561799167825e-05,3.908934929388785e-07,1.194728283773554e-06,1.0656254484856216e-07,1.646328965163217e-05,9.079201478173997e-05,0.0015353467451739496,0.0005518458952676435,0.009627722870475666,0.0030513037472211916,0.015190570089214556,0.0002544880844529892,0.0025340858078760687,8.26072008021604e-05,0.0001839998162390195,0.023899115730336987,8.257354313283689e-05
4752,1,1.151893190983935e-06,1.0000005551115122e-12,1.8212039012549008e-05,1.6913945707350222e-05,3.593561799167825e-05,3.908934929388785e-07,1.194728283773554e-06,1.0656254484856216e-07,1.646328965163217e-05,9.079201478173997e-05,0.0015353467451739496,0.0005518458952676435,0.009627722870475666,0.0030513037472211916,0.015190570089214556,0.0002544880844529892,0.0025340858078760687,8.26072008021604e-05,0.0001839998162390195,0.023899115730336987,8.257354313283689e-05
4753,0,1.1534738532215425e-06,7.476612259824276e-05,1.5215734367577297e-05,2.147282200442338e-05,3.5968930383776394e-05,3.9089310613606654e-07,1.1947236466389891e-06,6.667751822388966e-08,1.6461129035035444e-05,9.079125685582351e-05,0.0015353435898574194,0.000551842954207931,0.009627720742588398,0.0029773443153626594,0.015192815992476417,0.0002079069772009082,0.002529594681740577,8.254002604349994e-05,0.00018399994084576665,0.023899063685549303,8.257354315368689e-05
4753,1,1.1534738532215425e-06,7.476612259824276e-05,1.5215734367577297e-05,2.147282200442338e-05,3.5968930383776394e-05,3.9089310613606654e-07,1.1947236466389891e-06,6.667751822388966e-08,1.6461129035035444e-05,9.079125685582351e-05,0.0015353435898574194,0.000551842954207931,0.009627720742588398,0.0029773443153626594,0.015192815992476417,0.0002079069772009082,0.002529594681740577,8.254002604349994e-05,0.00018399994084576665,0.023899063685549303,8.257354315368689e-05
4754,0,1.1518931565448168e-06,1.0000005551115122e-12,1.8211976376287836e-05,1.6914021335870883e-05,3.593561965441653e-05,3.908916365332939e-07,1.19472101291464e-06,1.0741200477199036e-07,1.6463289597347816e-05,9.079201710372703e-05,0.0015353467507095494,0.0005518458951220488,0.009627722870370172,0.003051303822686259,0.015190570135972066,0.0002544872298480968,0.002534085733902841,8.260720050437638e-05,0.00018399994968236477,0.023899115729021536,8.257353910110639e-05
4754,1,1.1518931565448168e-06,1.0000005551115122e-12,1.8211976376287836e-05,1.6914021335870883e-05,3.593561965441653e-05,3.908916365332939e-07,1.19472101291464e-06,1.0741200477199036e-07,1.6463289597347816e-05,9.079201710372703e-05,0.0015353467507095494,0.0005518458951220488,0.009627722870370172,0.003051303822686259,0.015190570135972066,0.0002544872298480968,0.002534085733902841,8.260720050437638e-05,0.00018399994968236477,0.023899115729021536,8.257353910110639e-05
4755,0,1.1518737302209358e-06,1.0000005551115122e-12,1.8212039013121328e-05,1.691394569890753e-05,3.593543007719763e-05,3.9089464200916175e-07,1.1947315956654256e-06,1.0656254463595445e-07,1.6463289651698783e-05,9.07933251843597e-05,0.0015353454565490152,0.0005518459116042477,0.009627722882327902,0.003051303747221036,0.015190570089214307,0.00025448808445308914,0.002534085807883002,8.260720077769664e-05,0.00018399978856598897,0.02389911573033742,8.257354212724685e-05
4755,1,1.1518737302209358e-06,1.0000005551115122e-12,1.8212039013121328e-05,1.691394569890753e-05,3.593543007719763e-05,3.9089464200916175e-07,1.1947315956654256e-06,1.0656254463595445e-07,1.6463289651698783e-05,9.07933251843597e-05,0.0015353454565490152,0.0005518459116042477,0.009627722882327902,0.003051303747221036,0.015190570089214307,0.00025448808445308914,0.002534085807883002,8.260720077769664e-05,0.00018399978856598897,0.02389911573033742,8.257354212724685e-05
4756,0,1.1519643528797483e-06,7.476612259465064e-05,1.5215734366802917e-05,2.1472822326331436e-05,3.596874018097124e-05,3.9089066466293203e-07,1.1947451372760348e-06,6.6677518225555e-08,1.6461129034491436e-05,9.079328345898654e-05,0.0015353422879818732,0.0005518429707435539,0.009627720754585142,0.0029773443153617543,0.015192815992418618,0.00020790697718688607,0.0025295946814369035,8.254002602765705e-05,0.00018399994074458646,0.02389906368553531,8.257354440989314e-05
4756,1,1.1519643528797483e-06,7.476612259465064e-05,1.5215734366802917e-05,2.1472822326331436e-05,3.596874018097124e-05,3.9089066466293203e-07,1.1947451372760348e-06,6.6677518225555e-08,1.6461129034491436e-05,9.079328345898654e-05,0.0015353422879818732,0.0005518429707435539,0.009627720754585142,0.0029773443153617543,0.015192815992418618,0.00020790697718688607,0.0025295946814369035,8.254002602765705e-05,0.00018399994074458646,0.02389906368553531,8.257354440989314e-05
4757,0,1.1518712150867241e-06,7.476475392481442e-05,1.5215432122572192e-05,2.147353540636139e-05,3.596874647354936e-05,3.908945617317104e-07,1.1947314427638453e-06,6.735557905685887e-08,1.646112872738154e-05,9.079332636653073e-05,0.0015353422981647222,0.00055184297019008,0.009627720754184412,0.0029773523218948853,0.015192816243303582,0.00020790117072562987,0.002529593977988293,8.254001631842363e-05,0.00018399993580088547,0.02389906367813798,8.257354219362707e-05
4757,1,1.1518712150867241e-06,7.476475392481442e-05,1.5215432122572192e-05,2.147353540636139e-05,3.596874647354936e-05,3.908945617317104e-07,1.1947314427638453e-06,6.735557905685887e-08,1.646112872738154e-05,9.079332636653073e-05,0.0015353422981647222,0.00055184297019008,0.009627720754184412,0.0029773523218948853,0.015192816243303582,0.00020790117072562987,0.002529593977988293,8.254001631842363e-05,0.00018399993580088547,0.02389906367813798,8.257354219362707e-05
4758,0,1.1507632529575696e-06,7.476486786172654e-05,1.521545684722618e-05,2.1473467966219035e-05,3.595799116700507e-05,3.909595517778264e-07,1.1949150017773716e-06,6.681579866042157e-08,1.6461128774033114e-05,9.086820293150606e-05,0.0015352686665001296,0.0005518439051165828,0.009627721432557992,0.002977352165355343,0.015192816235952306,0.0002079016258638514,0.002529594014766529,8.254001765028048e-05,0.00018399994977223732,0.023899063679221084,8.257348538988758e-05
4758,1,1.1507632529575696e-06,7.476486786172654e-05,1.521545684722618e-05,2.1473467966219035e-05,3.595799116700507e-05,3.909595517778264e-07,1.1949150017773716e-06,6.681579866042157e-08,1.6461128774033114e-05,9.086820293150606e-05,0.0015352686665001296,0.0005518439051165828,0.009627721432557992,0.002977352165355343,0.015192816235952306,0.0002079016258638514,0.002529594014766529,8.254001765028048e-05,0.00018399994977223732,0.023899063679221084,8.257348538988758e-05
4759,0,1.1507631508536887e-06,7.476612258694402e-05,1.5215734365140913e-05,2.1472823018509417e-05,3.595798565546162e-05,3.909555556288595e-07,1.1949267964226309e-06,6.667751822999588e-08,1.6461129034929975e-05,9.086820580635085e-05,0.0015352686570440494,0.0005518439057093864,0.009627721432908822,0.0029773443153599003,0.015192815992275795,0.00020790697715679347,0.0025295946807836873,8.254002599366202e-05,0.0001839999351728212,0.02389906368550527,8.25734873764152e-05
4759,1,1.1507631508536887e-06,7.476612258694402e-05,1.5215734365140913e-05,2.1472823018509417e-05,3.595798565546162e-05,3.909555556288595e-07,1.1949267964226309e-06,6.667751822999588e-08,1.6461129034929975e-05,9.086820580635085e-05,0.0015352686570440494,0.0005518439057093864,0.009627721432908822,0.0029773443153599003,0.015192815992275795,0.00020790697715679347,0.0025295946807836873,8.254002599366202e-05,0.0001839999351728212,0.02389906368550527,8.25734873764152e-05
4760,0,1.1507632621552122e-06,1.0000005551115122e-12,1.8211982905214124e-05,1.691401290939359e-05,3.592469647022436e-05,3.909603079851453e-07,1.1949143121140452e-06,1.0741200570013682e-07,1.646328961787029e-05,9.08682023104473e-05,0.0015352718235164447,0.0005518468447455675,0.00962772355932296,0.0030513038195012845,0.015190570132658416,0.0002544872257955163,0.002534085741758513,8.260720101296955e-05,0.00018399994976609778,0.02389911572947463,8.257348353881829e-05
4760,1,1.1507632621552122e-06,1.0000005551115122e-12,1.8211982905214124e-05,1.691401290939359e-05,3.592469647022436e-05,3.909603079851453e-07,1.1949143121140452e-06,1.0741200570013682e-07,1.646328961787029e-05,9.08682023104473e-05,0.0015352718235164447,0.0005518468447455675,0.00962772355932296,0.0030513038195012845,0.015190570132658416,0.0002544872257955163,0.002534085741758513,8.260720101296955e-05,0.00018399994976609778,0.02389911572947463,8.257348353881829e-05
4761,0,1.1516722890372223e-06,1.0000005551115122e-12,1.8212038609891656e-05,1.6913948523688496e-05,3.59334847620755e-05,3.908922303815977e-07,1.1947646421426436e-06,1.0656253409327661e-07,1.646328964714132e-05,9.080689302521039e-05,0.0015353321150711483,0.000551846080722878,0.00962772300502381,0.003051303747318741,0.01519057008941589,0.0002544880782053146,0.0025340858052106227,8.260720196077249e-05,0.00018399994734150948,0.02389911573020905,8.257345062254858e-05
4761,1,1.1516722890372223e-06,1.0000005551115122e-12,1.8212038609891656e-05,1.6913948523688496e-05,3.59334847620755e-05,3.908922303815977e-07,1.1947646421426436e-06,1.0656253409327661e-07,1.646328964714132e-05,9.080689302521039e-05,0.0015353321150711483,0.000551846080722878,0.00962772300502381,0.003051303747318741,0.01519057008941589,0.0002544880782053146,0.0025340858052106227,8.260720196077249e-05,0.00018399994734150948,0.02389911573020905,8.257345062254858e-05
4762,0,1.151655682099732e-06,7.476612258713332e-05,1.5215734365182547e-05,2.147282300052103e-05,3.59667911848858e-05,3.908925094206118e-07,1.1947775521024102e-06,6.667751822999588e-08,1.646112903358105e-05,9.08068993107658e-05,0.001535328947433191,0.0005518431401831496,0.009627720877514814,0.0029773443153598895,0.015192815992290748,0.0002079069771575373,0.00252959468080079,8.254002599448359e-05,0.00018399994160049626,0.023899063685506088,8.257345048115058e-05
4762,1,1.151655682099732e-06,7.476612258713332e-05,1.5215734365182547e-05,2.147282300052103e-05,3.59667911848858e-05,3.908925094206118e-07,1.1947775521024102e-06,6.667751822999588e-08,1.646112903358105e-05,9.08068993107658e-05,0.001535328947433191,0.0005518431401831496,0.009627720877514814,0.0029773443153598895,0.015192815992290748,0.0002079069771575373,0.00252959468080079,8.254002599448359e-05,0.00018399994160049626,0.023899063685506088,8.257345048115058e-05
4763,0,1.151672036186704e-06,1.0000005551115122e-12,1.821198290518748e-05,1.69140129072986e-05,3.5933485231824186e-05,3.9089223088064297e-07,1.1947646444330338e-06,1.0741200570624304e-07,1.646328961649361e-05,9.080689314653001e-05,0.0015353321150248854,0.0005518460806814055,0.009627723004993795,0.003051303819501296,0.01519057013265836,0.0002544872257994798,0.0025340857417605668,8.26072010130195e-05,0.00018399994364103623,0.02389911572947473,8.257344995295087e-05
4763,1,1.151672036186704e-06,1.0000005551115122e-12,1.821198290518748e-05,1.69140129072986e-05,3.5933485231824186e-05,3.9089223088064297e-07,1.1947646444330338e-06,1.0741200570624304e-07,1.646328961649361e-05,9.080689314653001e-05,0.0015353321150248854,0.0005518460806814055,0.009627723004993795,0.003051303819501296,0.01519057013265836,0.0002544872257994798,0.0025340857417605668,8.26072010130195e-05,0.00018399994364103623,0.02389911572947473,8.257344995295087e-05
4764,0,1.1516527990237323e-06,1.0000005551115122e-12,1.8212039470686425e-05,1.691394801895113e-05,3.593329683346951e-05,3.90893379228171e-07,1.1947679622240752e-06,1.0656254605148881e-07,1.646328964715797e-05,9.080820359660624e-05,0.0015353308262797249,0.0005518460970607201,0.009627723016876933,0.003051303747227048,0.015190570089227452,0.0002544880843537797,0.0025340858056832447,8.260720196992073e-05,0.00018400011054614816,0.023899115730216452,8.257344996203804e-05
4764,1,1.1516527990237323e-06,1.0000005551115122e-12,1.8212039470686425e-05,1.691394801895113e-05,3.593329683346951e-05,3.90893379228171e-07,1.1947679622240752e-06,1.0656254605148881e-07,1.646328964715797e-05,9.080820359660624e-05,0.0015353308262797249,0.0005518460970607201,0.009627723016876933,0.003051303747227048,0.015190570089227452,0.0002544880843537797,0.0025340858056832447,8.260720196992073e-05,0.00018400011054614816,0.023899115730216452,8.257344996203804e-05
4765,0,1.151632172629808e-06,7.476612258845448e-05,1.5215734365467319e-05,2.1472822882557613e-05,3.59666028807552e-05,3.90893657191379e-07,1.194781111504072e-06,6.667751822944077e-08,1.6461129033819752e-05,9.08082118094089e-05,0.0015353276584795304,0.0005518431565537322,0.009627720889391763,0.0029773443153602447,0.015192815992306725,0.00020790697716269432,0.0025295946809121067,8.25400260002956e-05,0.00018399994155379474,0.023899063685511174,8.257344947468345e-05
4765,1,1.151632172629808e-06,7.476612258845448e-05,1.5215734365467319e-05,2.1472822882557613e-05,3.59666028807552e-05,3.90893657191379e-07,1.194781111504072e-06,6.667751822944077e-08,1.6461129033819752e-05,9.08082118094089e-05,0.0015353276584795304,0.0005518431565537322,0.009627720889391763,0.0029773443153602447,0.015192815992306725,0.00020790697716269432,0.0025295946809121067,8.25400260002956e-05,0.00018399994155379474,0.023899063685511174,8.257344947468345e-05
4766,0,1.1516525791618258e-06,1.0000005551115122e-12,1.821198290518748e-05,1.6914012907311366e-05,3.593329731751787e-05,3.908933800913694e-07,1.1947679568478203e-06,1.0741200570624304e-07,1.6463289616521366e-05,9.080820370918285e-05,0.0015353308262380692,0.0005518460970179987,0.00962772301684602,0.00305130381950129,0.015190570132658366,0.0002544872257995464,0.00253408574176055,8.26072010130195e-05,0.00018399994362584837,0.02389911572947473,8.257344897171355e-05
4766,1,1.1516525791618258e-06,1.0000005551115122e-12,1.821198290518748e-05,1.6914012907311366e-05,3.593329731751787e-05,3.908933800913694e-07,1.1947679568478203e-06,1.0741200570624304e-07,1.6463289616521366e-05,9.080820370918285e-05,0.0015353308262380692,0.0005518460970179987,0.00962772301684602,0.00305130381950129,0.015190570132658366,0.0002544872257995464,0.00253408574176055,8.26072010130195e-05,0.00018399994362584837,0.02389911572947473,8.257344897171355e-05
4767,0,1.150542548683846e-06,1.0000005551115122e-12,1.8212038999417846e-05,1.6913948035106543e-05,3.592256163587139e-05,3.909590621356108e-07,1.194950687499523e-06,1.0656254227784075e-07,1.6463289648967634e-05,9.088309710485612e-05,0.0015352571769860508,0.0005518470303414895,0.009627723693972641,0.003051303747178315,0.015190570089222895,0.0002544880843481841,0.0025340858057184943,8.260720196911026e-05,0.00018399994862966794,0.02389911573021562,8.257339199340815e-05
4767,1,1.150542548683846e-06,1.0000005551115122e-12,1.8212038999417846e-05,1.6913948035106543e-05,3.592256163587139e-05,3.909590621356108e-07,1.194950687499523e-06,1.0656254227784075e-07,1.6463289648967634e-05,9.088309710485612e-05,0.0015352571769860508,0.0005518470303414895,0.009627723693972641,0.003051303747178315,0.015190570089222895,0.0002544880843481841,0.0025340858057184943,8.260720196911026e-05,0.00018399994862966794,0.02389911573021562,8.257339199340815e-05
4768,0,1.1505426767314185e-06,7.476612257366076e-05,1.5215734362277093e-05,2.147282420778643e-05,3.595584752794291e-05,3.909593463316108e-07,1.1949609618364587e-06,6.667751823665723e-08,1.6461129033125863e-05,9.088309639988115e-05,0.001535254012715394,0.000551844091591979,0.009627721567767618,0.00297734431535652,0.015192815992094861,0.00020790697710494605,0.0025295946796616347,8.254002593513661e-05,0.00018399993609802555,0.023899063685453657,8.257339197320209e-05
4768,1,1.1505426767314185e-06,7.476612257366076e-05,1.5215734362277093e-05,2.147282420778643e-05,3.595584752794291e-05,3.909593463316108e-07,1.1949609618364587e-06,6.667751823665723e-08,1.6461129033125863e-05,9.088309639988115e-05,0.001535254012715394,0.000551844091591979,0.009627721567767618,0.00297734431535652,0.015192815992094861,0.00020790697710494605,0.0025295946796616347,8.254002593513661e-05,0.00018399993609802555,0.023899063685453657,8.257339197320209e-05
4769,0,1.1505427231581698e-06,1.0000005551115122e-12,1.8211986680077325e-05,1.691401310463408e-05,3.592256219941338e-05,3.909590617847803e-07,1.1949504891182116e-06,1.0741270040110016e-07,1.6463289618114536e-05,9.088309702795097e-05,0.0015352571770999262,0.0005518470302918125,0.009627723693936692,0.003051303817658392,0.015190570131155974,0.00025448722326098817,0.00253408574161349,8.26072010100108e-05,0.00018399998389055105,0.02389911572947225,8.257339243789704e-05
4769,1,1.1505427231581698e-06,1.0000005551115122e-12,1.8211986680077325e-05,1.691401310463408e-05,3.592256219941338e-05,3.909590617847803e-07,1.1949504891182116e-06,1.0741270040110016e-07,1.6463289618114536e-05,9.088309702795097e-05,0.0015352571770999262,0.0005518470302918125,0.009627723693936692,0.003051303817658392,0.015190570131155974,0.00025448722326098817,0.00253408574161349,8.26072010100108e-05,0.00018399998389055105,0.02389911572947225,8.257339243789704e-05
4770,0,1.151568879464106e-06,1.0000005551115122e-12,1.8212038976043765e-05,1.6913947933698773e-05,3.593248592403388e-05,3.908998314058514e-07,1.194781675071598e-06,1.0656251384669442e-07,1.646328964741332e-05,9.081385815514425e-05,0.0015353252646139025,0.000551846167558289,0.009627723068023028,0.0030513037472295517,0.015190570088895546,0.00025448808378950326,0.002534085805788416,8.260720091323821e-05,0.00018400010380576214,0.023899115730222648,8.257345909774135e-05
4770,1,1.151568879464106e-06,1.0000005551115122e-12,1.8212038976043765e-05,1.6913947933698773e-05,3.593248592403388e-05,3.908998314058514e-07,1.194781675071598e-06,1.0656251384669442e-07,1.646328964741332e-05,9.081385815514425e-05,0.0015353252646139025,0.000551846167558289,0.009627723068023028,0.0030513037472295517,0.015190570088895546,0.00025448808378950326,0.002534085805788416,8.260720091323821e-05,0.00018400010380576214,0.023899115730222648,8.257345909774135e-05
4771,0,1.151555135746832e-06,7.476612258676806e-05,1.5215734365103166e-05,2.147282303416023e-05,3.5965790479640565e-05,3.909001119286786e-07,1.1947944681526358e-06,6.667751822999588e-08,1.646112903367542e-05,9.081386308396827e-05,0.0015353220972552384,0.0005518432271813693,0.009627720940632608,0.002977344315359845,0.015192815992270287,0.00020790697715610513,0.0025295946807690766,8.254002599284045e-05,0.00018399994171449952,0.02389906368550459,8.257345860601803e-05
4771,1,1.151555135746832e-06,7.476612258676806e-05,1.5215734365103166e-05,2.147282303416023e-05,3.5965790479640565e-05,3.909001119286786e-07,1.1947944681526358e-06,6.667751822999588e-08,1.646112903367542e-05,9.081386308396827e-05,0.0015353220972552384,0.0005518432271813693,0.009627720940632608,0.002977344315359845,0.015192815992270287,0.00020790697715610513,0.0025295946807690766,8.254002599284045e-05,0.00018399994171449952,0.02389906368550459,8.257345860601803e-05
4772,0,1.1515686798859741e-06,1.0000005551115122e-12,1.821198290520302e-05,1.6914012907787097e-05,3.593248640973758e-05,3.908998322790418e-07,1.1947816703392725e-06,1.0741200570235726e-07,1.646328961664349e-05,9.081385825743464e-05,0.0015353252645715642,0.0005518461675154122,0.009627723067992018,0.0030513038195012845,0.015190570132658393,0.00025448722579745367,0.0025340857417600836,8.260720101300285e-05,0.00018399994972304333,0.0238991157294745,8.257345807917833e-05
4772,1,1.1515686798859741e-06,1.0000005551115122e-12,1.821198290520302e-05,1.6914012907787097e-05,3.593248640973758e-05,3.908998322790418e-07,1.1947816703392725e-06,1.0741200570235726e-07,1.646328961664349e-05,9.081385825743464e-05,0.0015353252645715642,0.0005518461675154122,0.009627723067992018,0.0030513038195012845,0.015190570132658393,0.00025448722579745367,0.0025340857417600836,8.260720101300285e-05,0.00018399994972304333,0.0238991157294745,8.257345807917833e-05
4773,0,1.1515494306892951e-06,1.0000005551115122e-12,1.8212039008013746e-05,1.6913948011812954e-05,3.5932298012710735e-05,3.9090098072982063e-07,1.1947849876995474e-06,1.0656254571065034e-07,1.6463289647341158e-05,9.08151687724034e-05,0.0015353239757686054,0.0005518461838946157,0.009627723079875068,0.003051303747207491,0.015190570089189738,0.0002544880842899974,0.0025340858056935476,8.260720197057021e-05,0.00018400010768543097,0.023899115730217024,8.257345809175161e-05
4773,1,1.1515494306892951e-06,1.0000005551115122e-12,1.8212039008013746e-05,1.6913948011812954e-05,3.5932298012710735e-05,3.9090098072982063e-07,1.1947849876995474e-06,1.0656254571065034e-07,1.6463289647341158e-05,9.08151687724034e-05,0.0015353239757686054,0.0005518461838946157,0.009627723079875068,0.003051303747207491,0.015190570089189738,0.0002544880842899974,0.0025340858056935476,8.260720197057021e-05,0.00018400010768543097,0.023899115730217024,8.257345809175161e-05
4774,0,1.1515334942598984e-06,7.476612258603808e-05,1.5215734364946068e-05,2.1472823099165456e-05,3.596560222491433e-05,3.9090126041165383e-07,1.194797654666466e-06,6.667751822999588e-08,1.6461129033586605e-05,9.081517478269012e-05,0.0015353208085303338,0.0005518432435476555,0.009627720952506465,0.002977344315359634,0.015192815992266595,0.00020790697715325742,0.0025295946807076812,8.254002598963746e-05,0.00018399994167424838,0.023899063685501803,8.257345760312581e-05
4774,1,1.1515334942598984e-06,7.476612258603808e-05,1.5215734364946068e-05,2.1472823099165456e-05,3.596560222491433e-05,3.9090126041165383e-07,1.194797654666466e-06,6.667751822999588e-08,1.6461129033586605e-05,9.081517478269012e-05,0.0015353208085303338,0.0005518432435476555,0.009627720952506465,0.002977344315359634,0.015192815992266595,0.00020790697715325742,0.0025295946807076812,8.254002598963746e-05,0.00018399994167424838,0.023899063685501803,8.257345760312581e-05
4775,0,1.1515494655081095e-06,1.0000005551115122e-12,1.8211980810318202e-05,1.691401270592135e-05,3.593229862328621e-05,3.909009815869128e-07,1.1947845971946968e-06,1.0741994144330973e-07,1.6463289616765616e-05,9.081516880194088e-05,0.0015353239760159908,0.0005518461838408587,0.009627723079836144,0.003051303858292588,0.015190570133710413,0.0002544872285074636,0.0025340857419442362,8.260720101589499e-05,0.00018399994968398015,0.023899115729476894,8.257345804453937e-05
4775,1,1.1515494655081095e-06,1.0000005551115122e-12,1.8211980810318202e-05,1.691401270592135e-05,3.593229862328621e-05,3.909009815869128e-07,1.1947845971946968e-06,1.0741994144330973e-07,1.6463289616765616e-05,9.081516880194088e-05,0.0015353239760159908,0.0005518461838408587,0.009627723079836144,0.003051303858292588,0.015190570133710413,0.0002544872285074636,0.0025340857419442362,8.260720101589499e-05,0.00018399994968398015,0.023899115729476894,8.257345804453937e-05
4776,0,1.1504395143061599e-06,7.476486744712707e-05,1.5215457096101545e-05,2.147347715715205e-05,3.5954851984629665e-05,3.9096695205821416e-07,1.194967591454424e-06,6.681579030710353e-08,1.6461128757152174e-05,9.089006862646605e-05,0.00153524716402725,0.0005518441781359066,0.009627721630556387,0.0029773521675991537,0.015192816237588131,0.00020790163027803712,0.002529594035270089,8.254001717645949e-05,0.0001839999494298501,0.02389906367880239,8.257340036752067e-05
4776,1,1.1504395143061599e-06,7.476486744712707e-05,1.5215457096101545e-05,2.147347715715205e-05,3.5954851984629665e-05,3.9096695205821416e-07,1.194967591454424e-06,6.681579030710353e-08,1.6461128757152174e-05,9.089006862646605e-05,0.00153524716402725,0.0005518441781359066,0.009627721630556387,0.0029773521675991537,0.015192816237588131,0.00020790163027803712,0.002529594035270089,8.254001717645949e-05,0.0001839999494298501,0.02389906367880239,8.257340036752067e-05
4777,0,1.150439490048897e-06,7.476612257656233e-05,1.5215734362903259e-05,2.1472823948725878e-05,3.5954846391503706e-05,3.909669561527167e-07,1.1949784917639665e-06,6.667751823554701e-08,1.6461129033747585e-05,9.08900681772476e-05,0.001535247155333987,0.0005518441786279353,0.009627721630912613,0.0029773443153572805,0.015192815992124449,0.00020790697711626477,0.002529594679906128,8.254002594789863e-05,0.00018399993619157295,0.023899063685464884,8.257340009812505e-05
4777,1,1.150439490048897e-06,7.476612257656233e-05,1.5215734362903259e-05,2.1472823948725878e-05,3.5954846391503706e-05,3.909669561527167e-07,1.1949784917639665e-06,6.667751823554701e-08,1.6461129033747585e-05,9.08900681772476e-05,0.001535247155333987,0.0005518441786279353,0.009627721630912613,0.0029773443153572805,0.015192815992124449,0.00020790697711626477,0.002529594679906128,8.254002594789863e-05,0.00018399993619157295,0.023899063685464884,8.257340009812505e-05
4778,0,1.1504395369513788e-06,1.0000005551115122e-12,1.8211982911338115e-05,1.69140291573388e-05,3.592156327172347e-05,3.9096667226813417e-07,1.1949692804239435e-06,1.0741200463043693e-07,1.6463289583192473e-05,9.089006875261514e-05,0.0015352503184303662,0.0005518471171345843,0.009627723756941172,0.003051303819499819,0.015190570132666637,0.00025448722511494407,0.002534085726608154,8.260720006073126e-05,0.00018399994979200485,0.023899115728627327,8.257340009617105e-05
4778,1,1.1504395369513788e-06,1.0000005551115122e-12,1.8211982911338115e-05,1.69140291573388e-05,3.592156327172347e-05,3.9096667226813417e-07,1.1949692804239435e-06,1.0741200463043693e-07,1.6463289583192473e-05,9.089006875261514e-05,0.0015352503184303662,0.0005518471171345843,0.009627723756941172,0.003051303819499819,0.015190570132666637,0.00025448722511494407,0.002534085726608154,8.260720006073126e-05,0.00018399994979200485,0.023899115728627327,8.257340009617105e-05
4779,0,8.579584375982897e-05,7.330058634707436e-05,1.5186946564766386e-05,8.765239981769523e-05,0.001738992698037816,0.00016162795273377248,2.100903843563051e-05,6.635755207256966e-08,3.908958484773777e-05,3.463489829941043e-05,4.9467077655856306e-05,0.0005567646193477328,0.009379695638088542,0.0029787397710552385,0.01519283948231885,0.00020734448055272618,0.00246535578807761,8.054955388809226e-05,0.00017702626900182916,0.023899887014800357,5.2478104870959106e-05
4779,1,8.579584375982897e-05,7.330058634707436e-05,1.5186946564766386e-05,8.765239981769523e-05,0.001738992698037816,0.00016162795273377248,2.100903843563051e-05,6.635755207256966e-08,3.908958484773777e-05,3.463489829941043e-05,4.9467077655856306e-05,0.0005567646193477328,0.009379695638088542,0.0029787397710552385,0.01519283948231885,0.00020734448055272618,0.00246535578807761,8.054955388809226e-05,0.00017702626900182916,0.023899887014800357,5.2478104870959106e-05
4780,0,8.301824130783153e-05,7.331105697899203e-05,1.5187065788035964e-05,8.763686740467879e-05,0.0017390171324078952,0.0001677115314633646,2.10311279465465e-05,6.621726282958345e-08,3.908652967968592e-05,3.465044233138295e-05,4.9462528691279105e-05,0.0005567641207738395,0.009379672939396467,0.00297879088494401,0.015192839443190997,0.00020734428960516842,0.0024653709931805145,8.054990785924464e-05,0.00017701548011661073,0.023899887035553694,5.16884467256888e-05
4780,1,8.301824130783153e-05,7.331105697899203e-05,1.5187065788035964e-05,8.763686740467879e-05,0.0017390171324078952,0.0001677115314633646,2.10311279465465e-05,6.621726282958345e-08,3.908652967968592e-05,3.465044233138295e-05,4.9462528691279105e-05,0.0005567641207738395,0.009379672939396467,0.00297879088494401,0.015192839443190997,0.00020734428960516842,0.0024653709931805145,8.054990785924464e-05,0.00017701548011661073,0.023899887035553694,5.16884467256888e-05
4781,0,8.43729161803922e-05,9.607481274365978e-05,1.2774203198459374e-05,0.001691254426659263,0.0017387963485562263,0.0001644386752844802,2.1011757987997986e-05,4.6043874676080845e-08,3.923908937729813e-05,3.4664577184359774e-05,4.949660820896995e-05,0.0005567281565761643,0.009379848231705694,0.0029566123758316843,0.015194706530467776,0.00016057818209709704,0.0009053325472593137,3.864348505685162e-05,0.00017713366251894617,0.023898251180184297,5.209497981598165e-05
4781,1,8.43729161803922e-05,9.607481274365978e-05,1.2774203198459374e-05,0.001691254426659263,0.0017387963485562263,0.0001644386752844802,2.1011757987997986e-05,4.6043874676080845e-08,3.923908937729813e-05,3.4664577184359774e-05,4.949660820896995e-05,0.0005567281565761643,0.009379848231705694,0.0029566123758316843,0.015194706530467776,0.00016057818209709704,0.0009053325472593137,3.864348505685162e-05,0.00017713366251894617,0.023898251180184297,5.209497981598165e-05
4782,0,8.438486312087958e-05,9.607474826987959e-05,1.2774220079337734e-05,0.0016912530403600582,0.0017387716360784337,0.00016459680042046716,2.10132399144233e-05,4.566293924403177e-08,3.9239193104530496e-05,3.466457824972424e-05,4.949590773843283e-05,0.0005567281451321519,0.009379848745302276,0.002956612412318187,0.015194706517297811,0.0001605785367330343,0.0009053338769049129,3.864352383218457e-05,0.0001771340549595262,0.023898251177852988,5.2075308933259154e-05
4782,1,8.438486312087958e-05,9.607474826987959e-05,1.2774220079337734e-05,0.0016912530403600582,0.0017387716360784337,0.00016459680042046716,2.10132399144233e-05,4.566293924403177e-08,3.9239193104530496e-05,3.466457824972424e-05,4.949590773843283e-05,0.0005567281451321519,0.009379848745302276,0.002956612412318187,0.015194706517297811,0.0001605785367330343,0.0009053338769049129,3.864352383218457e-05,0.0001771340549595262,0.023898251177852988,5.2075308933259154e-05
4783,0,8.429552525358347e-05,9.60756574229612e-05,1.2774285068648883e-05,0.0016913011458627935,0.0017387710713713759,0.0001647733401709916,2.101430556650921e-05,4.556316593054177e-08,3.923926904103757e-05,3.466517973562976e-05,4.949597232380321e-05,0.0005567281463769339,0.009379849097865121,0.0029566078888248627,0.01519470646322939,0.00016058003334171015,0.0009052874577868862,3.864186807571931e-05,0.00017713422458211995,0.023898251112696854,5.205302420269295e-05
4783,1,8.429552525358347e-05,9.60756574229612e-05,1.2774285068648883e-05,0.0016913011458627935,0.0017387710713713759,0.0001647733401709916,2.101430556650921e-05,4.556316593054177e-08,3.923926904103757e-05,3.466517973562976e-05,4.949597232380321e-05,0.0005567281463769339,0.009379849097865121,0.0029566078888248627,0.01519470646322939,0.00016058003334171015,0.0009052874577868862,3.864186807571931e-05,0.00017713422458211995,0.023898251112696854,5.205302420269295e-05
4784,0,8.438490770860919e-05,9.607466836655008e-05,1.2774213048638933e-05,0.0016912463908989128,0.0017387716179611476,0.0001645965316733271,2.101324222916503e-05,4.6043938341820184e-08,3.923919747369108e-05,3.466457951705493e-05,4.949591058349035e-05,0.0005567281445154952,0.00937984875988263,0.002956612517844464,0.01519470652285325,0.00016057838667043307,0.0009053402924852464,3.864375169757223e-05,0.00017713406291763816,0.023898251186258282,5.207534840786052e-05
4784,1,8.438490770860919e-05,9.607466836655008e-05,1.2774213048638933e-05,0.0016912463908989128,0.0017387716179611476,0.0001645965316733271,2.101324222916503e-05,4.6043938341820184e-08,3.923919747369108e-05,3.466457951705493e-05,4.949591058349035e-05,0.0005567281445154952,0.00937984875988263,0.002956612517844464,0.01519470652285325,0.00016057838667043307,0.0009053402924852464,3.864375169757223e-05,0.00017713406291763816,0.023898251186258282,5.207534840786052e-05
4785,0,8.83735905378679e-05,7.330866950494771e-05,1.518678846453183e-05,8.765216636207431e-05,0.001736173350225336,0.0001795636316080948,2.1128302782329863e-05,6.635285444528297e-08,3.908851711515765e-05,3.4620146009609714e-05,4.937294441748087e-05,0.0005567644682600237,0.009379693846146559,0.002978790435848893,0.01519283965983696,0.00020733918989521968,0.0024653560149929853,8.05495950267403e-05,0.00017702946298067167,0.023899887017808173,5.026983089959873e-05
4785,1,8.83735905378679e-05,7.330866950494771e-05,1.518678846453183e-05,8.765216636207431e-05,0.001736173350225336,0.0001795636316080948,2.1128302782329863e-05,6.635285444528297e-08,3.908851711515765e-05,3.4620146009609714e-05,4.937294441748087e-05,0.0005567644682600237,0.009379693846146559,0.002978790435848893,0.01519283965983696,0.00020733918989521968,0.0024653560149929853,8.05495950267403e-05,0.00017702946298067167,0.023899887017808173,5.026983089959873e-05
4786,0,8.90768558851519e-05,7.330604373075932e-05,1.5186994894358376e-05,8.764161418641211e-05,0.00173618223884646,0.0001779877660997733,2.112227175993897e-05,6.62072609846766e-08,3.908794066351568e-05,3.461525419257499e-05,4.937185257534751e-05,0.000556764299240009,0.009379687962609762,0.002978688641439781,0.01519283940434248,0.0002073469213025173,0.002465366347520469,8.054982363163088e-05,0.00017702505106135293,0.023899887027754467,5.046194652123571e-05
4786,1,8.90768558851519e-05,7.330604373075932e-05,1.5186994894358376e-05,8.764161418641211e-05,0.00173618223884646,0.0001779877660997733,2.112227175993897e-05,6.62072609846766e-08,3.908794066351568e-05,3.461525419257499e-05,4.937185257534751e-05,0.000556764299240009,0.009379687962609762,0.002978688641439781,0.01519283940434248,0.0002073469213025173,0.002465366347520469,8.054982363163088e-05,0.00017702505106135293,0.023899887027754467,5.046194652123571e-05
4787,0,8.888294510254253e-05,7.33174427146572e-05,1.5186186989645329e-05,8.765103817753475e-05,0.0017361871027340536,0.00017847274242338454,2.1124029733373397e-05,6.689763236689123e-08,3.908729851285526e-05,3.461588463894786e-05,4.9370957722489046e-05,0.0005567642122286776,0.009379683482017277,0.0029786544402980127,0.015192839996351598,0.0002073338163067622,0.002465357120924149,8.05495830197338e-05,0.00017702258786007668,0.023899887022489893,5.040224729082159e-05
4787,1,8.888294510254253e-05,7.33174427146572e-05,1.5186186989645329e-05,8.765103817753475e-05,0.0017361871027340536,0.00017847274242338454,2.1124029733373397e-05,6.689763236689123e-08,3.908729851285526e-05,3.461588463894786e-05,4.9370957722489046e-05,0.0005567642122286776,0.009379683482017277,0.0029786544402980127,0.015192839996351598,0.0002073338163067622,0.002465357120924149,8.05495830197338e-05,0.00017702258786007668,0.023899887022489893,5.040224729082159e-05
4788,0,8.474825612765299e-05,7.330916087476971e-05,1.5186806105332872e-05,8.763047357049455e-05,0.001737627054398777,0.00017607754863468802,2.1085137496133215e-05,6.635315333119896e-08,3.908435571942413e-05,3.463891012326684e-05,4.9413279809468025e-05,0.0005567637733849385,0.009379660017029768,0.0029787911963612404,0.015192839647049145,0.00020733946706029947,0.0024653772496643508,8.055008381447281e-05,0.0001770133434186422,0.023899887046498005,5.05799739659411e-05
4788,1,8.474825612765299e-05,7.330916087476971e-05,1.5186806105332872e-05,8.763047357049455e-05,0.001737627054398777,0.00017607754863468802,2.1085137496133215e-05,6.635315333119896e-08,3.908435571942413e-05,3.463891012326684e-05,4.9413279809468025e-05,0.0005567637733849385,0.009379660017029768,0.0029787911963612404,0.015192839647049145,0.00020733946706029947,0.0024653772496643508,8.055008381447281e-05,0.0001770133434186422,0.023899887046498005,5.05799739659411e-05
4789,0,8.562987429217857e-05,7.329594006801721e-05,1.5187471346366176e-05,8.76152885273254e-05,0.001737641549339659,0.0001739972813146497,2.1078284227312575e-05,6.62114358345864e-08,3.908412495003165e-05,3.4633199689196844e-05,4.941321727154319e-05,0.0005567637399345294,0.009379657709984114,0.0029787386458832387,0.015192839078128456,0.0002073537771175718,0.002465392117303326,8.055041814598528e-05,0.00017701221643164959,0.023899887058959676,5.083828459653496e-05
4789,1,8.562987429217857e-05,7.329594006801721e-05,1.5187471346366176e-05,8.76152885273254e-05,0.001737641549339659,0.0001739972813146497,2.1078284227312575e-05,6.62114358345864e-08,3.908412495003165e-05,3.4633199689196844e-05,4.941321727154319e-05,0.0005567637399345294,0.009379657709984114,0.0029787386458832387,0.015192839078128456,0.0002073537771175718,0.002465392117303326,8.055041814598528e-05,0.00017701221643164959,0.023899887058959676,5.083828459653496e-05
4790,0,8.684592891374136e-05,7.330970344717277e-05,1.5186702379645399e-05,8.763673235879378e-05,0.0017376475420714033,0.0001710785318141284,2.1069202262097497e-05,6.688691578316078e-08,3.9085362256327945e-05,3.4626631468468495e-05,4.941548200638727e-05,0.0005567639015336357,0.009379666463864622,0.0029787694661278005,0.015192839708812812,0.00020733834956298256,0.0024653711240312614,8.054993911656915e-05,0.00017701647593265147,0.023899887038852194,5.120496942916243e-05
4790,1,8.684592891374136e-05,7.330970344717277e-05,1.5186702379645399e-05,8.763673235879378e-05,0.0017376475420714033,0.0001710785318141284,2.1069202262097497e-05,6.688691578316078e-08,3.9085362256327945e-05,3.4626631468468495e-05,4.941548200638727e-05,0.0005567639015336357,0.009379666463864622,0.0029787694661278005,0.015192839708812812,0.00020733834956298256,0.0024653711240312614,8.054993911656915e-05,0.00017701647593265147,0.023899887038852194,5.120496942916243e-05
4791,0,8.766970805622702e-05,7.332138419769453e-05,1.518616210734522e-05,8.76518518459906e-05,0.001737619248751423,0.00016926901083950287,2.106504408121718e-05,6.635869718712828e-08,3.908703911105523e-05,3.462278549923656e-05,4.941738659882657e-05,0.0005567641604001306,0.009379678519985819,0.0029786908591573403,0.015192840054188356,0.00020733167136070257,0.0024653563242989494,8.054958612329565e-05,0.00017702187660587114,0.023899887022494567,5.143581778349242e-05
4791,1,8.766970805622702e-05,7.332138419769453e-05,1.518616210734522e-05,8.76518518459906e-05,0.001737619248751423,0.00016926901083950287,2.106504408121718e-05,6.635869718712828e-08,3.908703911105523e-05,3.462278549923656e-05,4.941738659882657e-05,0.0005567641604001306,0.009379678519985819,0.0029786908591573403,0.015192840054188356,0.00020733167136070257,0.0024653563242989494,8.054958612329565e-05,0.00017702187660587114,0.023899887022494567,5.143581778349242e-05
4792,0,8.61972817280376e-05,7.330820706927522e-05,1.5187088718593414e-05,8.762700294106161e-05,0.0017376179766290525,0.00017282119729910235,2.1075815912557454e-05,6.620744412373606e-08,3.908493505726849e-05,3.4630238847652714e-05,4.9413626328920046e-05,0.0005567637993238617,0.009379662763870401,0.0029787537277643434,0.01519283939248961,0.00020734605751757376,0.0024653806494552106,8.055015819964305e-05,0.00017701487436815378,0.023899887047611222,5.098638614791727e-05
4792,1,8.61972817280376e-05,7.330820706927522e-05,1.5187088718593414e-05,8.762700294106161e-05,0.0017376179766290525,0.00017282119729910235,2.1075815912557454e-05,6.620744412373606e-08,3.908493505726849e-05,3.4630238847652714e-05,4.9413626328920046e-05,0.0005567637993238617,0.009379662763870401,0.0029787537277643434,0.01519283939248961,0.00020734605751757376,0.0024653806494552106,8.055015819964305e-05,0.00017701487436815378,0.023899887047611222,5.098638614791727e-05
4793,0,8.866741312247014e-05,7.331418322524415e-05,1.5186534965538394e-05,8.766325049904146e-05,0.0017376067714025736,0.00016682678507141946,2.1057856177349678e-05,6.68868874408323e-08,3.908988127745188e-05,3.4618979134790736e-05,4.94221795994951e-05,0.0005567646780879177,0.009379700586365487,0.0029787769185391994,0.01519283984551661,0.00020733503666223998,0.0024653451647190395,8.054934661100787e-05,0.0001770321905529286,0.023899887005354954,5.1748901153557476e-05
4793,1,8.866741312247014e-05,7.331418322524415e-05,1.5186534965538394e-05,8.766325049904146e-05,0.0017376067714025736,0.00016682678507141946,2.1057856177349678e-05,6.68868874408323e-08,3.908988127745188e-05,3.4618979134790736e-05,4.94221795994951e-05,0.0005567646780879177,0.009379700586365487,0.0029787769185391994,0.01519283984551661,0.00020733503666223998,0.0024653451647190395,8.054934661100787e-05,0.0001770321905529286,0.023899887005354954,5.1748901153557476e-05
4794,0,9.117909760237879e-05,7.331509512629651e-05,1.5186440556003213e-05,8.766611402674502e-05,0.001734694050285769,0.0001861929593345903,2.117033288863709e-05,6.635121961745447e-08,3.909042307185565e-05,3.460423319771948e-05,4.932759967016323e-05,0.000556764754135003,0.009379710076235526,0.002978735670599336,0.015192839880789195,0.0002073349102104354,0.0024653423637790595,8.05492655738087e-05,0.0001770285606569226,0.023899887001775623,4.9418477812673616e-05
4794,1,9.117909760237879e-05,7.331509512629651e-05,1.5186440556003213e-05,8.766611402674502e-05,0.001734694050285769,0.0001861929593345903,2.117033288863709e-05,6.635121961745447e-08,3.909042307185565e-05,3.460423319771948e-05,4.932759967016323e-05,0.000556764754135003,0.009379710076235526,0.002978735670599336,0.015192839880789195,0.0002073349102104354,0.0024653423637790595,8.05492655738087e-05,0.0001770285606569226,0.023899887001775623,4.9418477812673616e-05
4795,0,9.044712727331612e-05,7.330912931639768e-05,1.5187082884742235e-05,8.76615652569119e-05,0.0017346731727101016,0.00018787489151595244,2.117721879263229e-05,6.62165653269723e-08,3.90914314472888e-05,3.4609213977913276e-05,4.9328941932858656e-05,0.0005567649638510531,0.00937971871715278,0.002978788087991379,0.015192839426203853,0.00020734477981653436,0.002465346819366997,8.054933189900958e-05,0.00017703356882057858,0.023899887002644983,4.9222365375041844e-05
4795,1,9.044712727331612e-05,7.330912931639768e-05,1.5187082884742235e-05,8.76615652569119e-05,0.0017346731727101016,0.00018787489151595244,2.117721879263229e-05,6.62165653269723e-08,3.90914314472888e-05,3.4609213977913276e-05,4.9328941932858656e-05,0.0005567649638510531,0.00937971871715278,0.002978788087991379,0.015192839426203853,0.00020734477981653436,0.002465346819366997,8.054933189900958e-05,0.00017703356882057858,0.023899887002644983,4.9222365375041844e-05
4796,0,9.121676962079644e-05,7.331492860543942e-05,1.518641903548507e-05,8.766728041834099e-05,0.0017346934624171185,0.00018608969950335502,2.116998317993402e-05,6.688802472276747e-08,3.909055380713936e-05,3.4604139937947355e-05,4.932781542632616e-05,0.000556764776917934,0.009379711074773329,0.0029787374383573205,0.015192839899759975,0.00020733441592053195,0.0024653412218424643,8.054924309321909e-05,0.00017702913680361964,0.02389988700047329,4.9430757421048074e-05
4796,1,9.121676962079644e-05,7.331492860543942e-05,1.518641903548507e-05,8.766728041834099e-05,0.0017346934624171185,0.00018608969950335502,2.116998317993402e-05,6.688802472276747e-08,3.909055380713936e-05,3.4604139937947355e-05,4.932781542632616e-05,0.000556764776917934,0.009379711074773329,0.0029787374383573205,0.015192839899759975,0.00020733441592053195,0.0024653412218424643,8.054924309321909e-05,0.00017702913680361964,0.02389988700047329,4.9430757421048074e-05
4797,0,8.64877422638497e-05,7.330238406198778e-05,1.5186961546569406e-05,8.764659951720368e-05,0.0017374895848423963,0.00017261312147221798,2.1082919342485456e-05,6.636322852298992e-08,3.9088271684598446e-05,3.463090368335031e-05,4.9415664424895345e-05,0.0005567644298455909,0.009379689483513027,0.0029787742854349205,0.015192839501131506,0.00020734351806915555,0.002465361465108994,8.054969125783006e-05,0.00017702741146018486,0.02389988702297621,5.103322224664393e-05
4797,1,8.64877422638497e-05,7.330238406198778e-05,1.5186961546569406e-05,8.764659951720368e-05,0.0017374895848423963,0.00017261312147221798,2.1082919342485456e-05,6.636322852298992e-08,3.9088271684598446e-05,3.463090368335031e-05,4.9415664424895345e-05,0.0005567644298455909,0.009379689483513027,0.0029787742854349205,0.015192839501131506,0.00020734351806915555,0.002465361465108994,8.054969125783006e-05,0.00017702741146018486,0.02389988702297621,5.103322224664393e-05
4798,0,8.636454356735478e-05,7.330005620938511e-05,1.518730287300704e-05,8.762672972244113e-05,0.0017375091869556557,0.00017320621672132429,2.1078934953276732e-05,6.620650262296991e-08,3.908582563068349e-05,3.4629850268966824e-05,4.941193356211556e-05,0.0005567639861966734,0.00937967091295332,0.002978730149297881,0.015192839201860249,0.00020735100380368774,0.00246538091769493,8.055015366650252e-05,0.00017701811682498456,0.0238998870453111,5.0954845992507954e-05
4798,1,8.636454356735478e-05,7.330005620938511e-05,1.518730287300704e-05,8.762672972244113e-05,0.0017375091869556557,0.00017320621672132429,2.1078934953276732e-05,6.620650262296991e-08,3.908582563068349e-05,3.4629850268966824e-05,4.941193356211556e-05,0.0005567639861966734,0.00937967091295332,0.002978730149297881,0.015192839201860249,0.00020735100380368774,0.00246538091769493,8.055015366650252e-05,0.00017701811682498456,0.0238998870453111,5.0954845992507954e-05
4799,0,9.115930476208902e-05,7.330453498437054e-05,1.5186794487803158e-05,8.769055325295034e-05,0.0017374893925842618,0.00016168266806834068,2.1042241262405734e-05,6.689538038717764e-08,3.909618908263e-05,3.4607827031694304e-05,4.9429281068346884e-05,0.0005567656917987829,0.009379747198919642,0.002978770609153469,0.015192839633099508,0.00020734029113023952,0.002465318439232949,8.054871144192943e-05,0.0001770465766416154,0.023899886966243643,5.2434655587771536e-05
4799,1,9.115930476208902e-05,7.330453498437054e-05,1.5186794487803158e-05,8.769055325295034e-05,0.0017374893925842618,0.00016168266806834068,2.1042241262405734e-05,6.689538038717764e-08,3.909618908263e-05,3.4607827031694304e-05,4.9429281068346884e-05,0.0005567656917987829,0.009379747198919642,0.002978770609153469,0.015192839633099508,0.00020734029113023952,0.002465318439232949,8.054871144192943e-05,0.0001770465766416154,0.023899886966243643,5.2434655587771536e-05
4800,0,8.816122195951744e-05,7.33132988821183e-05,1.5186648558731012e-05,8.76562230001055e-05,0.0017374845304745676,0.0001690459706481985,2.1067259097233675e-05,6.635242887459322e-08,3.908877288139917e-05,3.4621065313476076e-05,4.9416234205284875e-05,0.0005567644955085772,0.00937969261078976,0.002978797701602203,0.015192839775343287,0.00020733636233250796,0.002465352043861223,8.05494947002987e-05,0.00017702784435702544,0.023899887013998637,5.148152828428756e-05
4800,1,8.816122195951744e-05,7.33132988821183e-05,1.5186648558731012e-05,8.76562230001055e-05,0.0017374845304745676,0.0001690459706481985,2.1067259097233675e-05,6.635242887459322e-08,3.908877288139917e-05,3.4621065313476076e-05,4.9416234205284875e-05,0.0005567644955085772,0.00937969261078976,0.002978797701602203,0.015192839775343287,0.00020733636233250796,0.002465352043861223,8.05494947002987e-05,0.00017702784435702544,0.023899887013998637,5.148152828428756e-05
4801,0,8.66139562111972e-05,7.329201676431902e-05,1.518744088830122e-05,8.762502527123557e-05,0.0017374818480834263,0.00017279402981764338,2.1078599018936976e-05,6.620776664574513e-08,3.908639339629024e-05,3.4628869999867606e-05,4.941215878778145e-05,0.0005567641102483811,0.009379675718383402,0.002978673516144315,0.015192839041409435,0.0002073557524778638,0.0024653825870170386,8.05501961195214e-05,0.0001770208410281143,0.023899887044958327,5.100721188504076e-05
4801,1,8.66139562111972e-05,7.329201676431902e-05,1.518744088830122e-05,8.762502527123557e-05,0.0017374818480834263,0.00017279402981764338,2.1078599018936976e-05,6.620776664574513e-08,3.908639339629024e-05,3.4628869999867606e-05,4.941215878778145e-05,0.0005567641102483811,0.009379675718383402,0.002978673516144315,0.015192839041409435,0.0002073557524778638,0.0024653825870170386,8.05501961195214e-05,0.0001770208410281143,0.023899887044958327,5.100721188504076e-05
4802,0,8.640413001444284e-05,7.330847085629186e-05,1.5186781623259284e-05,8.763725317167322e-05,0.0017374861730893394,0.00017334337781724332,2.1079730151883615e-05,6.688838341639779e-08,3.908563049602507e-05,3.4629437351377814e-05,4.9410812912664554e-05,0.0005567639609685816,0.009379669405021013,0.002978787185680686,0.015192839661757112,0.00020733921466820334,0.002465370614102551,8.054992119509373e-05,0.00017701722204562287,0.023899887037705445,5.093808458450213e-05
4802,1,8.640413001444284e-05,7.330847085629186e-05,1.5186781623259284e-05,8.763725317167322e-05,0.0017374861730893394,0.00017334337781724332,2.1079730151883615e-05,6.688838341639779e-08,3.908563049602507e-05,3.4629437351377814e-05,4.9410812912664554e-05,0.0005567639609685816,0.009379669405021013,0.002978787185680686,0.015192839661757112,0.00020733921466820334,0.002465370614102551,8.054992119509373e-05,0.00017701722204562287,0.023899887037705445,5.093808458450213e-05
4803,0,9.130694857277713e-05,7.330763448485262e-05,1.5186690332785224e-05,8.767407048499759e-05,0.0017345401895434481,0.00018688944550502676,2.1174040547463896e-05,6.634911549280239e-08,3.9092757418665924e-05,3.46052369342689e-05,4.93270085594029e-05,0.000556765218869465,0.009379729272395543,0.0029787452152712445,0.015192839694910877,0.0002073391185411748,0.0024653345740425926,8.054910197433584e-05,0.00017703733919132193,0.023899886988744942,4.935446781402273e-05
4803,1,9.130694857277713e-05,7.330763448485262e-05,1.5186690332785224e-05,8.767407048499759e-05,0.0017345401895434481,0.00018688944550502676,2.1174040547463896e-05,6.634911549280239e-08,3.9092757418665924e-05,3.46052369342689e-05,4.93270085594029e-05,0.000556765218869465,0.009379729272395543,0.0029787452152712445,0.015192839694910877,0.0002073391185411748,0.0024653345740425926,8.054910197433584e-05,0.00017703733919132193,0.023899886988744942,4.935446781402273e-05
4804,0,8.981346242536685e-05,7.32687410347232e-05,1.5188566096060296e-05,8.762132932875165e-05,0.0017345519624131598,0.0001909666443442589,2.1187613064878613e-05,6.623392328370918e-08,3.908865012217416e-05,3.460976719544061e-05,4.932007760500367e-05,0.0005567645256150944,0.009379698196394955,0.002978830148128513,0.015192838296343065,0.00020737104597070243,0.002465386212330971,8.055013914809382e-05,0.00017701820628495177,0.023899887042351055,4.8876005039599425e-05
4804,1,8.981346242536685e-05,7.32687410347232e-05,1.5188566096060296e-05,8.762132932875165e-05,0.0017345519624131598,0.0001909666443442589,2.1187613064878613e-05,6.623392328370918e-08,3.908865012217416e-05,3.460976719544061e-05,4.932007760500367e-05,0.0005567645256150944,0.009379698196394955,0.002978830148128513,0.015192838296343065,0.00020737104597070243,0.002465386212330971,8.055013914809382e-05,0.00017701820628495177,0.023899887042351055,4.8876005039599425e-05
4805,0,9.100312828664424e-05,7.330462828888687e-05,1.5186731829233718e-05,8.766878222441812e-05,0.0017345411291298444,0.00018770797939663317,2.1176763203353812e-05,6.688203407423528e-08,3.909199313932612e-05,3.460634048529723e-05,4.9325842713472e-05,0.0005567651240945826,0.00937972419264503,0.002978729261932539,0.015192839647741553,0.0002073405009299116,0.0024653397510970942,8.054922094324835e-05,0.00017703450206387787,0.02389988699502837,4.925768565781225e-05
4805,1,9.100312828664424e-05,7.330462828888687e-05,1.5186731829233718e-05,8.766878222441812e-05,0.0017345411291298444,0.00018770797939663317,2.1176763203353812e-05,6.688203407423528e-08,3.909199313932612e-05,3.460634048529723e-05,4.9325842713472e-05,0.0005567651240945826,0.00937972419264503,0.002978729261932539,0.015192839647741553,0.0002073405009299116,0.0024653397510970942,8.054922094324835e-05,0.00017703450206387787,0.02389988699502837,4.925768565781225e-05
