,ENO,FBA1,FBA2,GAPD,PGK,PGMd,PGMi,TPI
0,0.0020421533590741286,0.02172893953226413,0.004584097894604414,0.006383741583639581,0.964864779588916,8.984498920409925e-05,0.000274796123528203,3.164692876953555e-05
1,0.0020421528481389326,0.021728934095806618,0.004584096747689103,0.006383739986463617,0.9648645381852166,8.984496672539215e-05,0.00027479605477577035,3.189711518395993e-05
2,0.0020421533590229764,0.02172893953171987,0.004584097894489591,0.006383741583479679,0.964864779564748,8.984498920184881e-05,0.00027479614856930356,3.164692876874286e-05
3,0.0020421528480877803,0.021728934095262352,0.00458409674757428,0.006383739986303717,0.9648645381610487,8.984496672314173e-05,0.00027479607981686465,3.189711518316097e-05
4,0.002042153359169698,0.021728939533281012,0.004584097894818942,0.006383741583938328,0.9648647796340699,8.984498920830384e-05,0.00027479607674271234,3.1646928771016565e-05
5,0.0020421528482345015,0.021728934096823492,0.004584096747903631,0.006383739986762366,0.9648645382303707,8.984496672959675e-05,0.0002747960079902914,3.189711518545266e-05
6,0.002042153365629634,0.02172893960201609,0.004584097909319803,0.006383741604131995,0.9648647826862232,8.984177939772786e-05,0.0002747961244103246,3.164692887112518e-05
7,0.002042152854694435,0.021728934165558537,0.0045840967624044835,0.006383740006956022,0.9648645412825224,8.984175691982376e-05,0.0002747960556578915,3.189711528635266e-05
8,0.002042153365578483,0.021728939601471826,0.004584097909204981,0.0063837416039720955,0.9648647826620556,8.984177939547751e-05,0.00027479614945142536,3.1646928870332506e-05
9,0.0020421528546432834,0.021728934165014275,0.004584096762289662,0.006383740006796123,0.9648645412583546,8.984175691757343e-05,0.00027479608069898596,3.189711528555371e-05
10,0.0020421533657252033,0.021728939603032967,0.004584097909534331,0.0063837416044307425,0.9648647827313773,8.98417794019323e-05,0.0002747960776248338,3.1646928872606214e-05
11,0.0020421528547900046,0.02172893416657542,0.004584096762619012,0.006383740007254772,0.9648645413276766,8.984175692402823e-05,0.0002747960088724124,3.18971152878454e-05
12,0.0020421533649481777,0.021728939594765247,0.004584097907790111,0.0063837416020017706,0.9648647823642524,8.984211306292992e-05,0.00027479612431862647,3.164692886056476e-05
13,0.002042152854012978,0.0217289341583077,0.004584096760874792,0.0063837400048258,0.9648645409605519,8.984209058494236e-05,0.0002747960555661934,3.1897115275708754e-05
14,0.0020421533648970255,0.021728939594220977,0.004584097907675288,0.0063837416018418715,0.9648647823400847,8.984211306067956e-05,0.0002747961493597271,3.164692885977207e-05
15,0.0020421528539618264,0.021728934157763433,0.00458409676075997,0.0063837400046658985,0.9648645409363837,8.9842090582692e-05,0.00027479608060728783,3.1897115274909785e-05
16,0.002042153365043747,0.021728939595782128,0.00458409790800464,0.00638374160230052,0.9648647824094067,8.984211306713442e-05,0.0002747960775331356,3.1646928862045786e-05
17,0.0020421528541085475,0.02172893415932458,0.004584096761089322,0.006383740005124548,0.9648645410057061,8.984209058914682e-05,0.0002747960087807143,3.189711527720148e-05
18,1.232098871340814e-05,0.00013109790092000445,2.7657383403461028e-05,2.3610667058725103e-05,0.9998029221423289,5.420452589811337e-07,1.6579358963581378e-06,1.9093642034810812e-07
19,1.2320988718307848e-05,0.00013109790097213834,2.765738341445959e-05,2.3610667068114396e-05,0.9998029225399221,5.420452591966896e-07,1.657935897017452e-06,1.905387487676972e-07
20,1.2320988694809536e-05,0.0001310979007221114,2.765738336171205e-05,2.361066702308466e-05,0.9998029206331207,5.420452581629131e-07,1.6579358938554742e-06,1.9244592584573807e-07
21,1.2320988713383332e-05,0.00013109790091974047,2.7657383403405344e-05,2.3610667058677568e-05,0.999802922140316,5.420472722737742e-07,1.6579358963547999e-06,1.9093642034772373e-07
22,1.2320988718283038e-05,0.00013109790097187439,2.7657383414403897e-05,2.361066706806685e-05,0.999802922537909,5.42047272489331e-07,1.6579358970141136e-06,1.905387487673135e-07
23,1.2320988694784728e-05,0.00013109790072184744,2.765738336165636e-05,2.3610667023037125e-05,0.9998029206311076,5.420472714555505e-07,1.6579358938521358e-06,1.924459258453506e-07
24,0.00204721086957458,0.021782752503439785,0.004595450677261038,0.003923062942824349,0.9672543228289494,9.0064277453639e-05,0.0002754766719669635,3.165922853031735e-05
25,0.002047210869523175,0.02178275250289282,0.004595450677145646,0.00392306294272584,0.9672543228046616,9.006427745137746e-05,0.0002754766970700628,3.1659228529522376e-05
26,0.05024260450897803,0.5345918368314946,0.11278145028905641,0.09627972517609312,0.1963546044853774,0.0022104345100416637,0.006760742474937022,0.000778601724021578
27,0.050242685983922224,0.5345927037419682,0.11278163317890576,0.09627988130624025,0.1963549229000098,0.0022104380945498735,0.006760753438363803,0.0007769813560400393
28,0.05024229524393123,0.5345885461866116,0.1127807560702586,0.09627913253257864,0.19635339583752692,0.0022104209038574523,0.0067607008596314785,0.0007847523656041093
29,0.050242604478016054,0.5345918365020526,0.11278145021955494,0.09627972511676079,0.196354604364374,0.0022104345086794847,0.006760743087020194,0.0007786017235417653
30,0.050242685952960144,0.5345927034125252,0.11278163310940399,0.09627988124690777,0.19635492277900596,0.00221043809318769,0.006760754050447961,0.0007769813555612241
31,0.05024229521296962,0.5345885458571736,0.11278075600075795,0.09627913247324706,0.1963533957165249,0.00221042090249529,0.00676070147171091,0.0007847523651205088
32,0.05024260456682578,0.5345918374470067,0.11278145041890944,0.09627972528694655,0.19635460471145394,0.0022104345125866886,0.006760741331352639,0.0007786017249180354
33,0.050242686041770165,0.5345927043574823,0.11278163330875918,0.09627988141709407,0.196354923126087,0.0022104380970949067,0.006760752294777577,0.0007769813569346326
34,0.05024229530177826,0.5345885468021161,0.11278075620011,0.09627913264343071,0.19635339606360058,0.002210420906402446,0.006760699716054086,0.0007847523665076429
35,0.05024260847699778,0.5345918790520559,0.11278145919621851,0.09627973277999531,0.19635461999291245,0.0022103557074251035,0.006760743008881468,0.0007786017855133549
36,0.05024268995195484,0.5345927459626664,0.11278164208609671,0.09627988891016712,0.19635493840759505,0.002210359291805807,0.0067607539723099795,0.0007769814174039433
37,0.050242299211902125,0.534588588406653,0.11278076497731103,0.09627914013638722,0.19635341134487097,0.0022103421017248817,0.006760701393569352,0.0007847524275812648
38,0.05024260844603579,0.5345918787226138,0.11278145912671698,0.09627973272066297,0.19635461987190903,0.0022103557060629726,0.006760743620964689,0.0007786017850335417
39,0.05024268992099275,0.5345927456332233,0.11278164201659496,0.09627988885083459,0.19635493828659123,0.0022103592904436724,0.006760754584394187,0.0007769814169251281
40,0.05024229918094052,0.5345885880772152,0.11278076490781036,0.0962791400770556,0.196353411223869,0.0022103421003627677,0.00676070200564883,0.0007847524270976644
41,0.050242608534845544,0.5345918796675683,0.11278145932607155,0.09627973289084878,0.19635462021898903,0.002210355709970038,0.006760741865296996,0.0007786017864098125
42,0.05024269000980279,0.5345927465781808,0.11278164221595019,0.09627988902102096,0.19635493863367232,0.0022103592943507494,0.006760752828723666,0.0007769814182985367
43,0.05024229926974917,0.5345885890221578,0.11278076510716245,0.09627914024723931,0.19635341157094477,0.0022103421042697843,0.006760700249991869,0.0007847524284847985
44,0.05024260806451489,0.5345918746631515,0.11278145827030278,0.0962797319895558,0.1963546183808759,0.0022103638991007746,0.006760742953376969,0.0007786017791211722
45,0.05024268953947061,0.5345927415737478,0.11278164116017796,0.09627988811972506,0.1963549367955533,0.0022103674834947334,0.006760753916805301,0.0007769814110250535
46,0.05024229879942431,0.5345885840178027,0.11278076405140668,0.09627913934595743,0.19635340973285428,0.0022103502933502415,0.006760701338065535,0.0007847524211386262
47,0.050242608033552905,0.5345918743337095,0.11278145820080124,0.0962797319302235,0.1963546182598725,0.0022103638977386394,0.006760743565460185,0.0007786017786413596
48,0.05024268950850852,0.5345927412443048,0.11278164109067623,0.09627988806039253,0.19635493667454945,0.0022103674821325934,0.006760754528889504,0.0007769814105462384
49,0.050242298768462715,0.5345885836883648,0.11278076398190602,0.09627913928662585,0.19635340961185233,0.0022103502919881227,0.0067607019501450104,0.0007847524206550261
50,0.05024260812236264,0.5345918752786639,0.1127814584001558,0.09627973210040926,0.19635461860695244,0.0022103639016457185,0.006760741809792506,0.0007786017800176301
51,0.05024268959731856,0.5345927421892622,0.11278164129003143,0.0962798882305789,0.19635493702163054,0.002210367486039686,0.006760752773218998,0.000776981411919647
52,0.050242298857271356,0.5345885846333075,0.1127807641812581,0.09627913945680955,0.19635340995892803,0.002210350295895154,0.0067607001944880625,0.0007847524220421601
53,0.0020424351672227335,0.021731938029998663,0.0044467348943094875,0.006384622511797528,0.9649979266691693,8.985738741599482e-05,0.0002748340441801811,3.1651295906002527e-05
54,0.002042435301863219,0.02173193946260163,0.004446735187445129,0.006384622932681719,0.964997990283325,8.985739333953274e-05,0.0002748340622976663,3.158537644610707e-05
55,0.002042434656146514,0.021731932592040627,0.004446733781608092,0.006384620914180729,0.9649976851988401,8.985736493108338e-05,0.0002748339754087721,3.190151684394624e-05
56,0.002042435167171568,0.021731938029454247,0.0044467348941980905,0.006384622511637585,0.9649979266449947,8.985738741374375e-05,0.00027483406922473635,3.1651295905209616e-05
57,0.0020424353018120528,0.021731939462057207,0.004446735187333732,0.006384622932521775,0.9649979902591503,8.985739333728171e-05,0.0002748340873422232,3.15853764453158e-05
58,0.0020424346560953483,0.021731932591496212,0.004446733781496697,0.006384620914020787,0.9649976851746657,8.985736492883231e-05,0.0002748340004533211,3.190151684314707e-05
59,0.0020424351673183298,0.021731938031015825,0.004446734894517616,0.0063846225120963605,0.9649979267143358,8.985738742020058e-05,0.00027483399738823606,3.165129590748397e-05
60,0.0020424353019588143,0.021731939463618788,0.004446735187653258,0.006384622932980552,0.9649979903284915,8.985739334373851e-05,0.0002748340155057182,3.1585376447585415e-05
61,0.00204243465624211,0.021731932593057786,0.0044467337818162225,0.00638462091447956,0.9649976852440068,8.985736493528914e-05,0.00027483392861683874,3.190151684543939e-05
62,0.002042435173780049,0.02173193809976987,0.004446734908585898,0.006384622532295602,0.9649979297673316,8.98541771667241e-05,0.00027483404506254615,3.1651296007620215e-05
63,0.0020424353084205343,0.021731939532372842,0.004446735201721541,0.006384622953179793,0.9649979933814877,8.985418309005047e-05,0.0002748340631800315,3.158537654751312e-05
64,0.002042434662703826,0.021731932661811802,0.004446733795884496,0.006384620934678791,0.9649976882970008,8.985415468261593e-05,0.00027483397629113674,3.190151694636724e-05
65,0.0020424351737288837,0.02173193809922546,0.004446734908474502,0.006384622532135659,0.9649979297431572,8.985417716447318e-05,0.0002748340701071016,3.165129600682731e-05
66,0.0020424353083693687,0.021731939531828427,0.004446735201610144,0.00638462295301985,0.964997993357313,8.985418308779949e-05,0.0002748340882245885,3.158537654672185e-05
67,0.0020424346626526607,0.02173193266126739,0.0044467337957731,0.006384620934518848,0.9649976882728264,8.985415468036498e-05,0.00027483400133568585,3.1901516945568076e-05
68,0.0020424351738756448,0.02173193810078703,0.004446734908794027,0.006384622532594432,0.9649979298124982,8.985417717092974e-05,0.00027483399827060094,3.165129600910164e-05
69,0.0020424353085161306,0.02173193953339,0.0044467352019296694,0.0063846229534786254,0.9649979934266543,8.985418309425608e-05,0.0002748340163880832,3.158537654899146e-05
70,0.002042434662799422,0.02173193266282896,0.0044467337960926254,0.006384620934977624,0.9649976883421675,8.985415468682154e-05,0.0002748339294992032,3.19015169478604e-05
71,0.0020424351730984045,0.021731938092517028,0.00444673490710184,0.00638462253016479,0.964997929445272,8.985451087796639e-05,0.0002748340449708227,3.165129599705687e-05
72,0.00204243530773889,0.02173193952512,0.004446735200237483,0.006384622951048982,0.9649979930594281,8.985451680131473e-05,0.0002748340630883081,3.158537653697177e-05
73,0.002042434662022182,0.02173193265455896,0.004446733794400439,0.00638462093254798,0.9649976879749413,8.985448839377469e-05,0.00027483397619941334,3.19015169357204e-05
74,0.0020424351730472376,0.02173193809197261,0.004446734906990442,0.006384622530004845,0.9649979294210974,8.985451087571541e-05,0.00027483407001537805,3.165129599626396e-05
75,0.002042435307687724,0.02173193952457558,0.004446735200126084,0.006384622950889038,0.9649979930352535,8.985451679906375e-05,0.0002748340881328651,3.1585376536180514e-05
76,0.0020424346619710163,0.021731932654014546,0.004446733794289042,0.006384620932388037,0.9649976879507668,8.98544883915237e-05,0.00027483400124396235,3.190151693492122e-05
77,0.002042435173194,0.021731938093534187,0.0044467349073099675,0.006384622530463621,0.9649979294904384,8.9854510882172e-05,0.00027483399817887754,3.165129599853831e-05
78,0.0020424353078344858,0.021731939526137157,0.004446735200445612,0.006384622951347813,0.9649979931045946,8.985451680552035e-05,0.0002748340162963597,3.158537653845012e-05
79,0.0020424346621177774,0.021731932655576117,0.004446733794608567,0.0063846209328468125,0.9649976880201079,8.985448839798029e-05,0.0002748339294074798,3.190151693721354e-05
80,0.0020480382841875627,0.021791556368249303,0.004458933849813314,0.003658538925537633,0.9676452548883054,9.010067844211573e-05,0.0002755879635515912,3.198904191301063e-05
81,0.05074614945482139,0.5399496605382158,0.11048315126665188,0.09065102177778026,0.19832252333926606,0.00223258808142848,0.006828500461145616,0.0007864050806904376
82,0.050746232571078534,0.5399505449126029,0.11048333222513065,0.09065117025355067,0.1983228481683619,0.0022325917381466162,0.006828511645430654,0.0007847684856979411
83,0.05074583395965408,0.5399463036035453,0.11048246437906198,0.09065045818902344,0.1983212903432977,0.0022325742011487376,0.0068284580075029504,0.0007926173167656406
84,0.050746149423235694,0.5399496602021373,0.11048315119788432,0.09065102172135672,0.198322523215825,0.00223258808003886,0.0068285010793210765,0.0007864050802009589
85,0.05074623253949273,0.5399505445765234,0.11048333215636288,0.09065117019712694,0.19832284804492045,0.002232591736756992,0.0068285122636071215,0.0007847684852094802
86,0.05074583392806877,0.539946303267471,0.11048246431029529,0.09065045813260064,0.19832129021985825,0.0022325741997591348,0.0068284586256745945,0.0007926173162722983
87,0.05074614951383451,0.5399496611661276,0.11048315139513362,0.09065102188319905,0.19832252356989688,0.0022325880840247743,0.006828499306178719,0.0007864050816049541
88,0.05074623263009183,0.5399505455405167,0.11048333235361281,0.09065117035896979,0.19832284839899347,0.0022325917407429196,0.006828510490461877,0.0007847684866105561
89,0.05074583401866644,0.5399463042314492,0.11048246450754212,0.09065045829444093,0.1983212905739257,0.002232574203745,0.006828456852543185,0.0007926173176873759
90,0.05074615350277686,0.5399497036093097,0.11048316007975156,0.09065102900889635,0.19832253915920015,0.002232508490797923,0.006828501005846364,0.0007864051434209652
91,0.050746236619047244,0.539950587983838,0.11048334103825923,0.09065117748469043,0.19832286398834778,0.00223251214738599,0.006828512190133189,0.0007847685482980223
92,0.05074583800755919,0.5399463466741037,0.1104824731920521,0.09065046542004962,0.19832130616303512,0.0022324946110118967,0.006828458552196926,0.0007926173799913175
93,0.050746153471191144,0.5399497032732312,0.11048316001098402,0.09065102895247283,0.19832253903575905,0.002232508489408352,0.006828501624021875,0.0007864051429314865
94,0.050746236587461434,0.5399505876477584,0.11048334096949144,0.09065117742826674,0.19832286386490633,0.002232512145996415,0.006828512808309705,0.0007847685478095614
95,0.05074583797597387,0.5399463463380293,0.11048247312328541,0.0906504653636268,0.1983213060395956,0.0022324946096223437,0.0068284591703686205,0.000792617379497975
96,0.050746153561789964,0.5399497042372217,0.11048316020823332,0.09065102911431513,0.198322539389831,0.0022325084933941244,0.0068284998508793765,0.0007864051443354819
97,0.05074623667806054,0.5399505886117518,0.11048334116674138,0.09065117759010957,0.19832286421897938,0.0022325121499822,0.006828511035164319,0.0007847685492106372
98,0.05074583806657157,0.5399463473020076,0.11048247332053224,0.09065046552546711,0.1983213063936631,0.0022324946136080665,0.006828457397237069,0.0007926173809130526
99,0.050746153081984505,0.5399496991319911,0.11048315916361379,0.09065102825720864,0.19832253751468912,0.002232516764389092,0.00682850094922373,0.0007864051369000125
100,0.05074623619825352,0.5399505835065046,0.11048334012211844,0.09065117673300027,0.19832286234383137,0.0022325204209906807,0.006828512133510368,0.0007847685417906296
101,0.05074583758677208,0.5399463421968407,0.1104824722759257,0.09065046466837126,0.19832130451854457,0.002232502884551744,0.006828458495574995,0.0007926173734188929
102,0.050746153050398785,0.5399496987959125,0.11048315909484624,0.09065102820078512,0.19832253739124808,0.0022325167629995164,0.006828501567399234,0.0007864051364105337
103,0.05074623616666771,0.539950583170425,0.11048334005335067,0.09065117667657657,0.19832286222039,0.0022325204196011,0.006828512751686877,0.0007847685413021687
104,0.05074583755518676,0.5399463418607663,0.11048247220715898,0.09065046461194845,0.19832130439510498,0.0022325028831621852,0.0068284591137466825,0.0007926173729255506
105,0.0507461531409976,0.5399496997599028,0.11048315929209553,0.09065102836262744,0.1983225377453199,0.0022325167669853033,0.006828499794256749,0.0007864051378145292
106,0.050746236257266805,0.5399505841344184,0.11048334025060061,0.09065117683841942,0.198322862574463,0.002232520423586901,0.0068285109785415085,0.0007847685427032446
107,0.05074583764578445,0.5399463428247446,0.11048247240440585,0.09065046477378877,0.19832130474917256,0.0022325028871479228,0.006828457340615147,0.0007926173743406283
108,0.0020474939334785298,0.021785764362674234,0.004457748704095378,0.003923605377181521,0.9673880632212074,9.007994895752573e-05,0.0002755147615958204,3.172969080942521e-05
109,0.0020474940687868043,0.021785765802382614,0.004457748998684912,0.003923605636472289,0.9673881271508764,9.007995491044323e-05,0.0002755147798031646,3.166360808335345e-05
110,0.0020474934198674763,0.021785758897745037,0.004457747585875212,0.003923604392950478,0.9673878205532348,9.007992636109373e-05,0.00027551469248331925,3.198053148246512e-05
111,0.00204749393342711,0.021785764362127112,0.004457748703983428,0.003923605377082986,0.967388063196913,9.007994895526352e-05,0.0002755147867023897,3.1729690808628366e-05
112,0.002047494068735384,0.021785765801835492,0.004457748998572962,0.003923605636373752,0.9673881271265818,9.0079954908181e-05,0.0002755148049097356,3.1663608082558256e-05
113,0.002047493419816057,0.02178575889719792,0.004457747585763262,0.003923604392851943,0.9673878205289403,9.007992635883151e-05,0.00027551471758988224,3.198053148166197e-05
114,0.0020474939335745996,0.021785764363696437,0.004457748704304539,0.00392360537736562,0.967388063266598,9.007994896175235e-05,0.00027551471468801155,3.172969081091399e-05
115,0.002047494068882874,0.02178576580340482,0.004457748998894073,0.003923605636656387,0.967388127196267,9.007995491466983e-05,0.0002755147328953527,3.1663608084839126e-05
116,0.002047493419963547,0.021785758898767237,0.004457747586084373,0.003923604393134576,0.9673878205986253,9.007992636532035e-05,0.0002755146455755221,3.1980531483965666e-05
117,0.0020474939400683683,0.02178576443279149,0.004457748718442596,0.003923605389809605,0.9673880663347361,9.007673075772717e-05,0.0002755147624825618,3.1729690911546895e-05
118,0.002047494075376643,0.02178576587249988,0.004457749013032131,0.003923605649100374,0.9673881302644054,9.007673671043201e-05,0.0002755147806899062,3.1663608185262445e-05
119,0.002047493426457312,0.021785758967862258,0.004457747600222424,0.003923604405578555,0.9673878236667618,9.007670816210239e-05,0.00027551469337006024,3.198053158539411e-05
120,0.0020474939400169485,0.02178576443224438,0.004457748718330648,0.00392360538971107,0.9673880663104418,9.007673075546503e-05,0.0002755147875891313,3.1729690910750054e-05
121,0.002047494075325224,0.021785765871952766,0.004457749012920183,0.003923605649001838,0.9673881302401109,9.007673670816987e-05,0.0002755148057964772,3.1663608184467264e-05
122,0.0020474934264058924,0.021785758967315147,0.004457747600110474,0.00392360440548002,0.9673878236424674,9.007670815984025e-05,0.0002755147184766234,3.1980531584590964e-05
123,0.002047493940164438,0.021785764433813692,0.004457748718651757,0.003923605389993704,0.9673880663801266,9.007673076195364e-05,0.00027551471557475286,3.1729690913035674e-05
124,0.002047494075472713,0.021785765873522087,0.004457749013241293,0.003923605649284472,0.9673881303097958,9.007673671465847e-05,0.0002755147337820941,3.166360818674813e-05
125,0.002047493426553382,0.021785758968884465,0.004457747600431584,0.003923604405762654,0.9673878237121525,9.007670816632886e-05,0.00027551464646226304,3.1980531586894656e-05
126,0.002047493939383342,0.021785764425502674,0.004457748716951177,0.003923605388496893,0.9673880660110791,9.007706529544124e-05,0.0002755147623903835,3.172969090093116e-05
127,0.0020474940746916174,0.02178576586521106,0.004457749011540712,0.003923605647787661,0.9673881299407484,9.00770712481682e-05,0.0002755147805977278,3.166360817466882e-05
128,0.002047493425772287,0.021785758960573446,0.004457747598731005,0.0039236044042658446,0.9673878233431051,9.007704269973257e-05,0.0002755146932778819,3.1980531574694455e-05
129,0.0020474939393319226,0.02178576442495556,0.004457748716839227,0.003923605388398357,0.9673880659867846,9.007706529317909e-05,0.00027551478749695277,3.172969090013432e-05
130,0.0020474940746401976,0.021785765864663943,0.004457749011428763,0.003923605647689125,0.967388129916454,9.007707124590604e-05,0.0002755148057042988,3.166360817387364e-05
131,0.0020474934257208666,0.02178575896002633,0.004457747598619054,0.003923604404167309,0.9673878233188105,9.007704269747038e-05,0.00027551471838444495,3.1980531573891305e-05
132,0.002047493939479412,0.021785764426524877,0.004457748717160337,0.00392360538868099,0.9673880660564697,9.007706529966773e-05,0.0002755147154825745,3.172969090241994e-05
133,0.0020474940747876873,0.021785765866233268,0.004457749011749874,0.003923605647971759,0.967388129986139,9.007707125239468e-05,0.0002755147336899157,3.16636081761545e-05
134,0.0020474934258683567,0.021785758961595653,0.0044577475989401654,0.003923604404449942,0.9673878233884956,9.007704270395903e-05,0.0002755146463700847,3.1980531576195e-05
135,0.05041373916594177,0.5364127454309966,0.10975943652921007,0.09660766991346499,0.19702342088552752,0.002217963617167255,0.0067837706868614615,0.0007812537708303379
136,0.05041382119686608,0.536413618257215,0.10975961512473141,0.09660782710903483,0.1970237414730021,0.0022179672261359333,0.006783781725102007,0.0007796278879125963
137,0.05041342779049718,0.5364094323310389,0.10975875861096965,0.0966070732258027,0.1970222039899691,0.0022179499181356256,0.0067837287875766915,0.0007874253460103081
138,0.050413739134768515,0.5364127450993066,0.10975943646134047,0.09660766985372775,0.19702342076369836,0.0022179636157957806,0.006783771301015252,0.0007812537703472507
139,0.05041382116569271,0.5364136179255239,0.10975961505686158,0.09660782704929743,0.19702374135117254,0.002217967224764454,0.00678378233925679,0.0007796278874305136
140,0.05041342775932431,0.536409431999353,0.1097587585431009,0.09660707316606619,0.1970222038681414,0.002217949916764168,0.006783729401726713,0.0007874253455234078
141,0.05041373922418428,0.5364127460507091,0.10975943665601409,0.09660767002507488,0.19702342111314677,0.0022179636197296473,0.006783769539408444,0.000781253771732913
142,0.050413821255108765,0.5364136188769295,0.10975961525153584,0.09660782722064509,0.19702374170062203,0.002217967228698333,0.006783780577647135,0.0007796278888132941
143,0.05041342784873895,0.5364094329507436,0.10975875873777208,0.09660707333741117,0.19702220421758546,0.002217949920697985,0.006783727640130712,0.0007874253469200072
144,0.05041374316103903,0.5364127879396683,0.10975944522722832,0.09660767756925569,0.19702343649888493,0.002217884546732524,0.00678377122444951,0.0007812538327417304
145,0.05041382519197633,0.536413660766025,0.10975962382277796,0.09660783476485046,0.1970237570864103,0.0022178881555728275,0.0067837822626918036,0.0007796279496952442
146,0.050413431785545075,0.5364094748391854,0.10975876730888046,0.0966070808814988,0.19702221960313357,0.0022178708481881792,0.006783729325158098,0.000787425408410389
147,0.05041374312986577,0.5364127876079781,0.10975944515935873,0.09660767750951847,0.19702343637705574,0.0022178845453610986,0.006783771838603351,0.0007812538322586433
148,0.05041382516080297,0.5364136604343339,0.10975962375490815,0.09660783470511308,0.19702375696458074,0.002217888154201398,0.0067837828768466365,0.0007796279492131616
149,0.0504134317543722,0.5364094745074994,0.10975876724101169,0.09660708082176235,0.19702221948130594,0.0022178708468167706,0.00678372993930817,0.0007874254079234887
150,0.05041374321928155,0.5364127885593808,0.10975944535403234,0.09660767768086562,0.1970234367265042,0.0022178845492948247,0.006783770076996404,0.0007812538336443055
151,0.05041382525021903,0.5364136613857394,0.1097596239495824,0.09660783487646074,0.19702375731403027,0.002217888158135137,0.006783781115236843,0.0007796279505959422
152,0.050413431843786875,0.5364094754588903,0.10975876743568291,0.09660708099310737,0.19702221983075008,0.002217870850750449,0.00678372817771203,0.0007874254093200884
153,0.05041374274574138,0.5364127835208143,0.10975944432305346,0.09660767677342229,0.19702343487584792,0.002217892766248385,0.006783771168566252,0.0007812538263059282
154,0.05041382477667733,0.5364136563471567,0.10975962291860016,0.09660783396901448,0.19702375546336803,0.0022178963751020337,0.006783782206808364,0.0007796279432728253
155,0.05041343137025256,0.536409470420386,0.10975876640471675,0.09660708008567524,0.19702221798011665,0.002217879067653386,0.00678372926927553,0.0007874254019237868
156,0.050413742714568124,0.5364127831891241,0.10975944425518386,0.09660767671368509,0.1970234347540188,0.0022178927648769543,0.006783771782720088,0.0007812538258228412
157,0.05041382474550396,0.5364136560154655,0.10975962285073035,0.09660783390927707,0.19702375534153846,0.0022178963737305986,0.006783782820963192,0.0007796279427907427
158,0.050413431339079676,0.5364094700887001,0.109758766336848,0.09660708002593876,0.19702221785828902,0.002217879066281973,0.006783729883425598,0.0007874254014368864
159,0.0504137428039839,0.5364127841405268,0.1097594444498575,0.09660767688503222,0.19702343510346723,0.002217892768810695,0.006783770021113154,0.0007812538272085033
160,0.05041382483492004,0.5364136569668713,0.10975962304540461,0.09660783408062477,0.19702375569098804,0.0022178963776643525,0.006783781059353414,0.0007796279441735234
161,0.050413431428494346,0.5364094710400908,0.10975876653151921,0.09660708019728378,0.1970222182077331,0.0022178790702156643,0.00678372812182947,0.0007874254028334861
162,0.0020447527784695904,0.021756597899160048,0.0033170513746668922,0.006391867330716506,0.9660929381945942,8.995935123596354e-05,0.0002751458595943343,3.168721156224786e-05
163,0.0020447529134158095,0.021756599335016086,0.0033170515935801743,0.0063918677525564155,0.9660930019532015,8.995935717295232e-05,0.00027514587775295666,3.16212173039681e-05
164,1.2321102921880206e-05,0.00013109911612207173,1.9987615038246447e-05,2.2009957037075574e-05,0.9998121897398214,5.420696511748803e-07,1.6579516979461973e-06,1.9244770999917876e-07
165,1.2321102940484498e-05,0.00013109911632002525,1.9987615068426817e-05,2.2009957070309572e-05,0.9998121912494914,5.420696519933801e-07,1.6579512669728375e-06,1.9093819050710869e-07
166,1.2321102922120702e-05,0.0001310991161246306,1.9987615038636587e-05,2.2009957037505176e-05,0.9998121897593368,5.420502834392043e-07,1.6579515468543622e-06,1.9244771000293514e-07
167,1.2321102940723131e-05,0.0001310991163225644,1.998761506881393e-05,2.200995707073586e-05,0.9998121912688555,5.42050284257593e-07,1.6579512670049483e-06,1.9093819051080678e-07
168,1.2321102922095898e-05,0.00013109911612436666,1.9987615038596346e-05,2.2009957037460862e-05,0.9998121897573241,5.42052296750507e-07,1.6579515468510246e-06,1.9244771000254765e-07
169,1.232110294069832e-05,0.0001310991163223004,1.9987615068773687e-05,2.2009957070691547e-05,0.9998121912668424,5.420522975688986e-07,1.6579512670016102e-06,1.909381905104223e-07
170,1.2321102945598123e-05,0.0001310991163744353,1.9987615076722268e-05,2.200995707944436e-05,0.9998121916644431,5.420522977844596e-07,1.6579512676609366e-06,1.9054051524321807e-07
171,0.0020503691503491114,0.02181635727247966,0.003326162399852806,0.0036627026975960385,0.9687465290189776,9.020355678873461e-05,0.0002759016563639473,3.1774247592144755e-05
172,0.0020503692860376686,0.021816358716234333,0.0033261626199703287,0.003662702939984998,0.9687465931283206,9.020356275819163e-05,0.00027590167462246325,3.17080720715885e-05
173,0.0020503691502975468,0.021816357271931,0.0033261623997691567,0.0036627026975039256,0.9687465289946147,9.02035567864661e-05,0.00027590168150576306,3.1774247591345664e-05
174,0.0020503686352429922,0.021816351791642652,0.0033261615642342034,0.0036627017774297508,0.9687462856446251,9.020353412725241e-05,0.0002759016121990153,3.2025440498993976e-05
175,0.051864756973890216,0.5518518788677942,0.08413636368586813,0.09938825020264817,0.2026941863756016,0.0022818014669109144,0.006979022462161726,0.0008037399651249187
176,0.051864427416422006,0.5518483723072967,0.08413582906913378,0.09938761867283841,0.2026928984223405,0.00228178696795713,0.006978978116268533,0.0008100890277431351
177,0.05186475694089666,0.5518518785167359,0.08413636363234513,0.09938825013942276,0.20269418624665855,0.0022818014654593555,0.006979023093867998,0.0008037399646136227
178,0.05186442738342887,0.5518483719562427,0.08413582901561144,0.09938761860961379,0.202692898293399,0.00228178696650559,0.006978978747970821,0.0008100890272278035
179,0.051864761202272375,0.5518519238586661,0.08413637054526012,0.09938825830548195,0.20269420290066656,0.0022817201258602537,0.006979023031141043,0.0008037400306514905
180,0.05186443164475042,0.5518484172975967,0.0841358359284386,0.09938762677556916,0.20269291494719544,0.0022817056274221413,0.00697897868524062,0.0008100890937869078
181,0.05186476116927881,0.5518519235076078,0.08413637049173711,0.09938825824225653,0.20269420277172354,0.0022817201244087464,0.006979023662847368,0.0008037400301401948
182,0.05186443161175728,0.5518484169465427,0.08413583587491628,0.09938762671234455,0.202692914818254,0.002281705625970653,0.006978979316942959,0.0008100890932715762
183,0.05186476126391583,0.5518519245145654,0.08413637064525976,0.0993882584236091,0.20269420314157727,0.0022817201285721743,0.006979021850893786,0.0008037400316067698
184,0.0518644317063931,0.5518484179534877,0.08413583602843697,0.09938762689369482,0.202692915188103,0.002281705630134028,0.00697897750500081,0.0008100890947497268
185,0.05186476076272434,0.551851919181783,0.08413636983221381,0.0993882574631776,0.20269420118285597,0.0022817285814107973,0.006979022971994606,0.0008037400238398839
186,0.051864431205207964,0.5518484126207729,0.08413583521540134,0.09938762593327553,0.2026929132294067,0.0022817140829190802,0.006978978626094933,0.0008100890869215372
187,0.05186476072973078,0.5518519188307245,0.08413636977869081,0.09938825739995216,0.20269420105391286,0.002281728579959285,0.006979023603700925,0.000803740023328588
188,0.05186443117221483,0.551848412269719,0.08413583516187902,0.0993876258700509,0.2026929131004652,0.0022817140814675864,0.006978979257797267,0.0008100890864062055
189,0.051864760824367785,0.5518519198376822,0.08413636993221343,0.09938825758130473,0.20269420142376657,0.002281728584122728,0.006979021791747356,0.0008037400247951629
190,0.05186443126685064,0.5518484132766638,0.0841358353153997,0.09938762605140117,0.20269291347031415,0.002281714085630977,0.006978977445855132,0.0008100890878843561
191,0.002064995941817217,0.010786452013092016,0.004635373492979354,0.006455147163777253,0.9756573106521289,9.084995368966416e-05,0.0002778698658410815,3.2000916674396185e-05
192,0.002064996079448613,0.010786452732005992,0.004635373801925687,0.006455147594010985,0.9756573756794126,9.084995974478786e-05,0.0002778698843610294,3.193426909024689e-05
193,0.002064995419387927,0.010786449284196352,0.00463537232026282,0.0064551455306709185,0.9756570638177665,9.084993070527184e-05,0.0002778697955419811,3.225390146804782e-05
194,0.0020649959417649148,0.010786452012818814,0.004635373492861948,0.006455147163613754,0.9756573106274171,9.084995368736307e-05,0.00027786989116220244,3.2000916673585656e-05
195,0.00206499607939631,0.01078645273173279,0.00463537380180828,0.006455147593847489,0.9756573756547008,9.084995974248679e-05,0.000277869909682152,3.193426908943805e-05
196,0.0020649954193356244,0.010786449283923149,0.004635372320145414,0.006455145530507422,0.975657063793055,9.084993070297077e-05,0.00027786982086309574,3.225390146723089e-05
197,0.0020649959419149367,0.010786452013602451,0.004635373493198709,0.006455147164082722,0.9756573106982986,9.084995369396332e-05,0.0002778698185324154,3.2000916675910524e-05
198,0.002064996079546332,0.010786452732516426,0.004635373802145041,0.006455147594316455,0.9756573757255825,9.084995974908704e-05,0.00027786983705236024,3.193426909175808e-05
199,0.002064995419485646,0.010786449284706784,0.004635372320482174,0.006455145530976387,0.9756570638639364,9.084993070957103e-05,0.00027786974823332705,3.225390146957412e-05
200,0.0020649959485201973,0.010786452048104854,0.004635373508025783,0.006455147184730669,0.9756573138191138,9.08467079831456e-05,0.00027786986674304743,3.20009167782712e-05
201,0.0020649960861515936,0.010786452767018832,0.0046353738169721175,0.006455147614964404,0.9756573788463981,9.0846714038053e-05,0.0002778698852629955,3.193426919390557e-05
202,0.002064995426090903,0.010786449319209173,0.004635372335309242,0.006455145551624325,0.9756570669847499,9.084668499957436e-05,0.00027786979644394663,3.2253901572744e-05
203,0.0020649959484678954,0.010786452047831657,0.0046353735079083785,0.0064551471845671745,0.9756573137944025,9.084670798084462e-05,0.0002778698920641686,3.200091677746069e-05
204,0.002064996086099291,0.010786452766745634,0.004635373816854711,0.006455147614800907,0.9756573788216863,9.084671403575202e-05,0.0002778699105841183,3.193426919309674e-05
205,0.002064995426038601,0.010786449318935975,0.004635372335191837,0.00645514555146083,0.9756570669600384,9.08466849972734e-05,0.00027786982176506136,3.225390157192708e-05
206,0.0020649959486179164,0.010786452048615287,0.004635373508245138,0.006455147185036139,0.9756573138652838,9.084670798744463e-05,0.0002778698194343812,3.200091677978555e-05
207,0.0020649960862493127,0.010786452767529268,0.0046353738171914715,0.006455147615269875,0.9756573788925678,9.084671404235204e-05,0.0002778698379543262,3.193426919541677e-05
208,0.002064995426188623,0.010786449319719608,0.004635372335528596,0.006455145551929796,0.9756570670309199,9.08466850038734e-05,0.00027786974913529246,3.225390157427032e-05
209,0.00206499594782341,0.010786452044465204,0.00463537350646168,0.006455147182552523,0.9756573134898998,9.084704538023319e-05,0.00027786986664928644,3.200091676747321e-05
210,0.0020649960854548064,0.010786452763379188,0.0046353738154080145,0.006455147612786259,0.9756573785171841,9.084705143516307e-05,0.00027786988516923455,3.1934269183130074e-05
211,0.0020649954253941167,0.010786449315569527,0.004635372333745138,0.00645514554944618,0.9756570666555361,9.084702239657658e-05,0.0002778697963501857,3.225390156186064e-05
212,0.0020649959477711077,0.010786452044192003,0.004635373506344275,0.006455147182389026,0.9756573134651884,9.084704537793219e-05,0.00027786989197040745,3.200091676666268e-05
213,0.0020649960854025036,0.010786452763105987,0.004635373815290608,0.006455147612622761,0.9756573784924725,9.084705143286209e-05,0.0002778699104903572,3.193426918232123e-05
214,0.0020649954253418147,0.010786449315296326,0.0046353723336277335,0.006455145549282683,0.9756570666308245,9.08470223942756e-05,0.0002778698216713003,3.2253901561043707e-05
215,0.0020649959479211296,0.01078645204497564,0.004635373506681035,0.006455147182857992,0.9756573135360699,9.084704538453225e-05,0.00027786981934062023,3.200091676898755e-05
216,0.0020649960855525255,0.010786452763889617,0.0046353738156273685,0.006455147613091726,0.975657378563354,9.084705143946213e-05,0.00027786983786056514,3.193426918464125e-05
217,0.002064995425491836,0.01078644931607996,0.004635372333964494,0.006455145549751649,0.9756570667017062,9.084702240087562e-05,0.00027786974904153147,3.225390156338695e-05
218,1.2321830792680625e-05,6.436275920316242e-05,2.7659273650245365e-05,2.2011257278226646e-05,0.9998712537784414,5.421016740119093e-07,1.6580494905310257e-06,1.909494699178852e-07
219,1.2321830797581002e-05,6.436275922875939e-05,2.7659273661245422e-05,2.20112572869805e-05,0.9998712541760888,5.421016742275023e-07,1.6580494911904296e-06,1.9055177115857334e-07
220,1.232183077407948e-05,6.436275910599981e-05,2.765927360849068e-05,2.2011257244998255e-05,0.9998712522690266,5.421016731935476e-07,1.6580494880280192e-06,1.924590785828077e-07
221,1.2321830792678765e-05,6.436275920315267e-05,2.7659273650241177e-05,2.201125727822332e-05,0.9998712537782903,5.421016740118272e-07,1.658049641663899e-06,1.9094946991785637e-07
222,1.2321830797579142e-05,6.436275922874966e-05,2.765927366124124e-05,2.201125728697717e-05,0.9998712541759378,5.421016742274204e-07,1.6580496423233035e-06,1.9055177115854457e-07
223,1.2321830774077617e-05,6.436275910599008e-05,2.7659273608486495e-05,2.2011257244994928e-05,0.9998712522688755,5.421016731934657e-07,1.6580496391608922e-06,1.924590785827786e-07
224,1.2321830792684105e-05,6.436275920318057e-05,2.7659273650253174e-05,2.2011257278232867e-05,0.9998712537787238,5.421016740120624e-07,1.658049208162221e-06,1.909494699179391e-07
225,1.2321830797584482e-05,6.436275922877756e-05,2.7659273661253232e-05,2.2011257286986715e-05,0.9998712541763711,5.421016742276554e-07,1.6580492088216252e-06,1.9055177115862713e-07
226,1.232183077408296e-05,6.436275910601799e-05,2.765927360849849e-05,2.2011257245004473e-05,0.999871252269309,5.421016731937006e-07,1.6580492056592152e-06,1.9245907858286201e-07
227,1.2321830792919288e-05,6.436275920440903e-05,2.7659273650781093e-05,2.2011257278652975e-05,0.9998712537978076,5.420823051320003e-07,1.65804949056314e-06,1.9094946992158366e-07
228,1.2321830797819665e-05,6.436275923000603e-05,2.7659273661781154e-05,2.201125728740684e-05,0.9998712541954553,5.420823053475858e-07,1.6580494912225445e-06,1.9055177116226416e-07
229,1.232183077431814e-05,6.436275910724644e-05,2.76592736090264e-05,2.201125724542459e-05,0.999871252288393,5.420823043136679e-07,1.6580494880601334e-06,1.9245907858653538e-07
230,1.2321830792917423e-05,6.436275920439932e-05,2.765927365077691e-05,2.2011257278649655e-05,0.9998712537976565,5.420823051319183e-07,1.6580496416960133e-06,1.9094946992155483e-07
231,1.2321830797817802e-05,6.436275922999631e-05,2.7659273661776976e-05,2.2011257287403506e-05,0.9998712541953043,5.420823053475038e-07,1.6580496423554183e-06,1.9055177116223536e-07
232,1.2321830774316277e-05,6.436275910723671e-05,2.7659273609022226e-05,2.2011257245421264e-05,0.9998712522882418,5.42082304313586e-07,1.6580496391930068e-06,1.9245907858650627e-07
